  EFITD    07/24/96      #104362 , 213ms           3  65  65
 0.214000000E+01 0.440000000E+01 0.850000000E+00 0.100000000E-01 0.000000000E+00
 0.982139751E+00-0.724926944E-02-0.616780703E-01 0.350797149E-01-0.285835000E+00
 0.994181146E+06-0.616780703E-01 0.000000000E+00 0.982139751E+00 0.000000000E+00
-0.724926944E-02 0.000000000E+00 0.350797149E-01 0.000000000E+00 0.000000000E+00
-0.364013742E+00-0.360336168E+00-0.356705496E+00-0.353122912E+00-0.349589596E+00
-0.346106719E+00-0.342675440E+00-0.339296907E+00-0.335972249E+00-0.332702581E+00
-0.329488994E+00-0.326332556E+00-0.323234308E+00-0.320195261E+00-0.317216392E+00
-0.314298641E+00-0.311442909E+00-0.308650051E+00-0.305920874E+00-0.303256134E+00
-0.300656530E+00-0.298122701E+00-0.295655223E+00-0.293254603E+00-0.290921276E+00
-0.288655602E+00-0.286457858E+00-0.284328240E+00-0.282266855E+00-0.280273718E+00
-0.278348751E+00-0.276491777E+00-0.274702517E+00-0.272980592E+00-0.271325512E+00
-0.269736682E+00-0.268213397E+00-0.266754837E+00-0.265360072E+00-0.264028057E+00
-0.262757634E+00-0.261547530E+00-0.260396356E+00-0.259302611E+00-0.258264681E+00
-0.257280840E+00-0.256349251E+00-0.255467971E+00-0.254634946E+00-0.253848020E+00
-0.253104936E+00-0.252403335E+00-0.251740761E+00-0.251114663E+00-0.250522399E+00
-0.249961237E+00-0.249428357E+00-0.248920855E+00-0.248435744E+00-0.247969958E+00
-0.247520350E+00-0.247083696E+00-0.246656699E+00-0.246235983E+00-0.245818100E+00
 0.175271909E+05 0.175150881E+05 0.174780539E+05 0.174168925E+05 0.173324078E+05
 0.172254036E+05 0.170966840E+05 0.169470529E+05 0.167773143E+05 0.165882721E+05
 0.163807302E+05 0.161554926E+05 0.159133633E+05 0.156551461E+05 0.153816451E+05
 0.150936643E+05 0.147920074E+05 0.144774786E+05 0.141508817E+05 0.138130207E+05
 0.134646996E+05 0.131067222E+05 0.127398926E+05 0.123650147E+05 0.119828925E+05
 0.115943298E+05 0.112001307E+05 0.108010990E+05 0.103980389E+05 0.999175407E+04
 0.958304862E+04 0.917272647E+04 0.876159156E+04 0.835044784E+04 0.794009926E+04
 0.753134977E+04 0.712500332E+04 0.672186386E+04 0.632273534E+04 0.592842171E+04
 0.553972692E+04 0.515745491E+04 0.478240965E+04 0.441539507E+04 0.405721512E+04
 0.370867377E+04 0.337057495E+04 0.304372261E+04 0.272892071E+04 0.242697319E+04
 0.213868401E+04 0.186485711E+04 0.160629645E+04 0.136380597E+04 0.113818962E+04
 0.930251347E+03 0.740795110E+03 0.570624854E+03 0.420544529E+03 0.291358084E+03
 0.183869468E+03 0.988826316E+02 0.372015240E+02-0.369905303E+00-0.130277066E+02
-0.891015659E+00-0.870976153E+00-0.850993345E+00-0.831075518E+00-0.811230954E+00
-0.791467934E+00-0.771794741E+00-0.752219657E+00-0.732750964E+00-0.713396944E+00
-0.694165880E+00-0.675066053E+00-0.656105746E+00-0.637293240E+00-0.618636818E+00
-0.600144762E+00-0.581825354E+00-0.563686877E+00-0.545737611E+00-0.527985840E+00
-0.510439845E+00-0.493107909E+00-0.475998314E+00-0.459119341E+00-0.442479274E+00
-0.426086393E+00-0.409948982E+00-0.394075322E+00-0.378473696E+00-0.363152385E+00
-0.348119671E+00-0.333383838E+00-0.318953166E+00-0.304835938E+00-0.291040437E+00
-0.277574943E+00-0.264447740E+00-0.251667110E+00-0.239241334E+00-0.227178694E+00
-0.215487474E+00-0.204175954E+00-0.193252418E+00-0.182725146E+00-0.172602422E+00
-0.162892528E+00-0.153603744E+00-0.144744355E+00-0.136322641E+00-0.128346885E+00
-0.120825369E+00-0.113766375E+00-0.107178186E+00-0.101069082E+00-0.954473476E-01
-0.903212632E-01-0.856991116E-01-0.815891747E-01-0.779997348E-01-0.749390738E-01
-0.724154740E-01-0.704372175E-01-0.690125863E-01-0.681498626E-01-0.678573286E-01
 0.372885773E+03-0.163836580E+05-0.326084329E+05-0.483014391E+05-0.634626764E+05
-0.780921449E+05-0.921898446E+05-0.105755776E+06-0.118789938E+06-0.131292331E+06
-0.143262955E+06-0.154701811E+06-0.165608898E+06-0.175984216E+06-0.185827765E+06
-0.195139546E+06-0.203919557E+06-0.212167800E+06-0.219884274E+06-0.227068980E+06
-0.233721916E+06-0.239843084E+06-0.245432482E+06-0.250490112E+06-0.255015974E+06
-0.259010066E+06-0.262472390E+06-0.265402944E+06-0.267801730E+06-0.269668748E+06
-0.271003996E+06-0.271807475E+06-0.272079186E+06-0.271819128E+06-0.271027301E+06
-0.269703706E+06-0.267848341E+06-0.265461208E+06-0.262542306E+06-0.259091635E+06
-0.255109195E+06-0.250594987E+06-0.245549009E+06-0.239971263E+06-0.233861748E+06
-0.227220464E+06-0.220047412E+06-0.212342591E+06-0.204106000E+06-0.195337641E+06
-0.186037514E+06-0.176205617E+06-0.165841952E+06-0.154946517E+06-0.143519314E+06
-0.131560343E+06-0.119069602E+06-0.106047093E+06-0.924928143E+05-0.784067673E+05
-0.637889515E+05-0.486393668E+05-0.329580133E+05-0.167448911E+05 0.000000000E+00
 0.672011538E-04 0.124372932E-02 0.370276180E-02 0.685953941E-02 0.971557365E-02
 0.118999779E-01 0.135559901E-01 0.148452704E-01 0.158903749E-01 0.167758228E-01
 0.175591763E-01 0.182808297E-01 0.189706363E-01 0.196520345E-01 0.203445774E-01
 0.210655659E-01 0.218312473E-01 0.226578291E-01 0.235623655E-01 0.245634165E-01
 0.256812496E-01 0.269372974E-01 0.283526854E-01 0.299459471E-01 0.317304498E-01
 0.337122931E-01 0.358893640E-01 0.382518340E-01 0.407838640E-01 0.434658624E-01
 0.462765702E-01 0.491945079E-01 0.521986981E-01 0.552688276E-01 0.583850886E-01
 0.615279040E-01 0.646776768E-01 0.678146450E-01 0.709188812E-01 0.739704507E-01
 0.769497208E-01 0.798377957E-01 0.826170396E-01 0.852716350E-01 0.877881174E-01
 0.901558273E-01 0.923672271E-01 0.944180480E-01 0.963072514E-01 0.980368148E-01
 0.996113698E-01 0.101037736E+00 0.102324399E+00 0.103480982E+00 0.104517750E+00
 0.105445173E+00 0.106273571E+00 0.107012832E+00 0.107672226E+00 0.108260275E+00
 0.108784689E+00 0.109252351E+00 0.109669338E+00 0.110040958E+00 0.110371811E+00
 0.121782381E-03 0.230160529E-02 0.724565577E-02 0.150900570E-01 0.191137928E-01
 0.199681861E-01 0.204429377E-01 0.207737856E-01 0.210482050E-01 0.213033176E-01
 0.215582986E-01 0.218259388E-01 0.221170371E-01 0.224419808E-01 0.228110229E-01
 0.232342760E-01 0.237221473E-01 0.242864429E-01 0.249420721E-01 0.257091048E-01
 0.266145782E-01 0.276928597E-01 0.289829894E-01 0.305224072E-01 0.323388586E-01
 0.344437187E-01 0.368292797E-01 0.394710812E-01 0.423344067E-01 0.453818163E-01
 0.485784041E-01 0.518937766E-01 0.553017374E-01 0.587789967E-01 0.623037475E-01
 0.658544753E-01 0.694091185E-01 0.729445939E-01 0.764366752E-01 0.798602043E-01
 0.831896072E-01 0.863996730E-01 0.894665225E-01 0.923686700E-01 0.950880553E-01
 0.976109174E-01 0.999283964E-01 0.102036785E+00 0.103937401E+00 0.105636122E+00
 0.107142636E+00 0.108469544E+00 0.109631394E+00 0.110643772E+00 0.111522505E+00
 0.112283018E+00 0.112939864E+00 0.113506416E+00 0.113994691E+00 0.114415291E+00
 0.114777420E+00 0.115088960E+00 0.115356579E+00 0.115585861E+00 0.115781438E+00
 0.173898141E-03 0.330214590E-02 0.105005991E-01 0.221667334E-01 0.307323807E-01
 0.293341283E-01 0.279337403E-01 0.270196293E-01 0.263853998E-01 0.259318231E-01
 0.256044906E-01 0.253730498E-01 0.252234147E-01 0.251530392E-01 0.251637826E-01
 0.252562558E-01 0.254299773E-01 0.256850289E-01 0.260251420E-01 0.264632453E-01
 0.270292907E-01 0.277806686E-01 0.288049022E-01 0.301984145E-01 0.320328336E-01
 0.343345974E-01 0.370764783E-01 0.401828616E-01 0.435603667E-01 0.471316118E-01
 0.508441608E-01 0.546640300E-01 0.585675515E-01 0.625355467E-01 0.665496572E-01
 0.705901062E-01 0.746343804E-01 0.786565618E-01 0.826272006E-01 0.865137080E-01
 0.902812754E-01 0.938943013E-01 0.973182432E-01 0.100521720E+00 0.103478611E+00
 0.106169848E+00 0.108584625E+00 0.110720834E+00 0.112584681E+00 0.114189571E+00
 0.115554488E+00 0.116702142E+00 0.117657144E+00 0.118444419E+00 0.119087957E+00
 0.119609954E+00 0.120030296E+00 0.120366337E+00 0.120632883E+00 0.120842330E+00
 0.121004874E+00 0.121128778E+00 0.121220635E+00 0.121285632E+00 0.121327791E+00
 0.205182342E-03 0.388545442E-02 0.122682871E-01 0.255836084E-01 0.356379374E-01
 0.347753843E-01 0.331808727E-01 0.318660116E-01 0.307931763E-01 0.299109204E-01
 0.291710994E-01 0.285323642E-01 0.279671146E-01 0.275053819E-01 0.271859172E-01
 0.269739316E-01 0.268567131E-01 0.268130267E-01 0.268097993E-01 0.268328715E-01
 0.268571915E-01 0.269053670E-01 0.272160645E-01 0.282158132E-01 0.300118891E-01
 0.326845857E-01 0.362367638E-01 0.403140195E-01 0.445472537E-01 0.488481829E-01
 0.532025151E-01 0.576117748E-01 0.620787741E-01 0.666027620E-01 0.711773686E-01
 0.757894943E-01 0.804185747E-01 0.850361126E-01 0.896055836E-01 0.940829383E-01
 0.984179639E-01 0.102556705E+00 0.106444957E+00 0.110032569E+00 0.113277965E+00
 0.116152113E+00 0.118641159E+00 0.120747204E+00 0.122487099E+00 0.123889612E+00
 0.124991611E+00 0.125834054E+00 0.126458443E+00 0.126904131E+00 0.127206579E+00
 0.127396488E+00 0.127499581E+00 0.127536817E+00 0.127524868E+00 0.127476694E+00
 0.127402146E+00 0.127308528E+00 0.127201106E+00 0.127083538E+00 0.126958241E+00
 0.220599011E-03 0.416879107E-02 0.131019583E-01 0.270762068E-01 0.378758250E-01
 0.375483009E-01 0.362566504E-01 0.350495365E-01 0.339509037E-01 0.329603745E-01
 0.320611989E-01 0.312219533E-01 0.303858354E-01 0.296581682E-01 0.292027879E-01
 0.287230576E-01 0.282155014E-01 0.278260370E-01 0.275144827E-01 0.272733013E-01
 0.268016394E-01 0.259072406E-01 0.244696015E-01 0.254507520E-01 0.270216671E-01
 0.299119716E-01 0.351928691E-01 0.407715863E-01 0.459625549E-01 0.509799318E-01
 0.559384579E-01 0.609069358E-01 0.659270499E-01 0.710219842E-01 0.762004495E-01
 0.814581933E-01 0.867780078E-01 0.921288906E-01 0.974649552E-01 0.102724825E+00
 0.107832436E+00 0.112700259E+00 0.117235590E+00 0.121349732E+00 0.124968637E+00
 0.128042659E+00 0.130552995E+00 0.132513136E+00 0.133965031E+00 0.134971146E+00
 0.135604683E+00 0.135940422E+00 0.136047898E+00 0.135987436E+00 0.135808658E+00
 0.135550688E+00 0.135243277E+00 0.134908310E+00 0.134561336E+00 0.134212956E+00
 0.133869999E+00 0.133536481E+00 0.133214365E+00 0.132904147E+00 0.132605315E+00
 0.228210208E-03 0.430880869E-02 0.135161330E-01 0.279237445E-01 0.390618072E-01
 0.390832771E-01 0.380827348E-01 0.370823432E-01 0.361126621E-01 0.351914989E-01
 0.343264553E-01 0.335191314E-01 0.327710346E-01 0.320847779E-01 0.314474756E-01
 0.308141119E-01 0.301473513E-01 0.295382535E-01 0.288976481E-01 0.282657107E-01
 0.281943594E-01 0.275822242E-01 0.260165338E-01 0.274480869E-01 0.291336744E-01
 0.320812183E-01 0.375813149E-01 0.433209874E-01 0.487172704E-01 0.539951289E-01
 0.592724926E-01 0.646226823E-01 0.700938018E-01 0.757168872E-01 0.815092703E-01
 0.874750779E-01 0.936035909E-01 0.998657628E-01 0.106209207E+00 0.112552454E+00
 0.118780422E+00 0.124744650E+00 0.130272712E+00 0.135189008E+00 0.139343271E+00
 0.142637948E+00 0.145045886E+00 0.146613465E+00 0.147448048E+00 0.147693166E+00
 0.147500255E+00 0.147006682E+00 0.146324522E+00 0.145538438E+00 0.144708705E+00
 0.143876058E+00 0.143066537E+00 0.142295573E+00 0.141571163E+00 0.140896235E+00
 0.140270349E+00 0.139690914E+00 0.139154038E+00 0.138655123E+00 0.138189273E+00
 0.232260075E-03 0.438367831E-02 0.137402573E-01 0.282996221E-01 0.397484296E-01
 0.399885505E-01 0.392069890E-01 0.383930898E-01 0.375745750E-01 0.367747655E-01
 0.360107546E-01 0.352931798E-01 0.346289105E-01 0.340211080E-01 0.334668636E-01
 0.329592952E-01 0.324898673E-01 0.320410561E-01 0.316255369E-01 0.315790443E-01
 0.317687872E-01 0.321075142E-01 0.327555353E-01 0.340778207E-01 0.362154777E-01
 0.392549736E-01 0.431967503E-01 0.477533948E-01 0.526126080E-01 0.576929929E-01
 0.629909370E-01 0.685244434E-01 0.743178909E-01 0.803965886E-01 0.867837583E-01
 0.934976261E-01 0.100547275E+00 0.107925868E+00 0.115599447E+00 0.123489213E+00
 0.131446437E+00 0.139225714E+00 0.146478910E+00 0.152804517E+00 0.157847984E+00
 0.161388830E+00 0.163383595E+00 0.163976210E+00 0.163467518E+00 0.162224939E+00
 0.160576852E+00 0.158761554E+00 0.156930404E+00 0.155170668E+00 0.153527618E+00
 0.152020598E+00 0.150653548E+00 0.149421597E+00 0.148315117E+00 0.147322183E+00
 0.146430042E+00 0.145625992E+00 0.144897880E+00 0.144234377E+00 0.143625120E+00
 0.234595834E-03 0.442704807E-02 0.138713935E-01 0.285564567E-01 0.401515322E-01
 0.405494800E-01 0.399195058E-01 0.392397606E-01 0.385323786E-01 0.378376284E-01
 0.371934781E-01 0.365817931E-01 0.360162740E-01 0.355432499E-01 0.351392493E-01
 0.348052702E-01 0.346033602E-01 0.345160272E-01 0.345312252E-01 0.348301760E-01
 0.353122642E-01 0.363060787E-01 0.376354572E-01 0.394135246E-01 0.417315754E-01
 0.445949457E-01 0.480236143E-01 0.519819350E-01 0.564054297E-01 0.612456759E-01
 0.664755113E-01 0.720908330E-01 0.781071899E-01 0.845534161E-01 0.914681716E-01
 0.988981078E-01 0.106896231E+00 0.115519026E+00 0.124818971E+00 0.134825365E+00
 0.145496167E+00 0.156595692E+00 0.167423342E+00 0.176693883E+00 0.183461311E+00
 0.187284686E+00 0.188078567E+00 0.186101711E+00 0.182366527E+00 0.178129556E+00
 0.174034210E+00 0.170309587E+00 0.167011568E+00 0.164128123E+00 0.161622065E+00
 0.159448948E+00 0.157564585E+00 0.155928045E+00 0.154502631E+00 0.153255983E+00
 0.152159817E+00 0.151189538E+00 0.150323827E+00 0.149544260E+00 0.148834959E+00
 0.236041071E-03 0.445398608E-02 0.139535711E-01 0.287696478E-01 0.403799625E-01
 0.409196124E-01 0.403987847E-01 0.398141241E-01 0.391734928E-01 0.385326327E-01
 0.380953561E-01 0.375952094E-01 0.370354150E-01 0.368057069E-01 0.365662836E-01
 0.362846635E-01 0.364154710E-01 0.366941040E-01 0.370768186E-01 0.376281952E-01
 0.384053778E-01 0.395488314E-01 0.411158180E-01 0.430402025E-01 0.453565129E-01
 0.480368457E-01 0.512426084E-01 0.549501971E-01 0.591614839E-01 0.639332148E-01
 0.691239688E-01 0.747676864E-01 0.809101762E-01 0.875889027E-01 0.948669336E-01
 0.102824642E+00 0.111565571E+00 0.121231085E+00 0.132016322E+00 0.144195444E+00
 0.158169927E+00 0.174595933E+00 0.194962860E+00 0.210389823E+00 0.220497239E+00
 0.223417598E+00 0.224795754E+00 0.213609998E+00 0.201450159E+00 0.192416106E+00
 0.185337643E+00 0.179666322E+00 0.175057479E+00 0.171271231E+00 0.168132939E+00
 0.165511654E+00 0.163306815E+00 0.161439604E+00 0.159847167E+00 0.158478658E+00
 0.157292468E+00 0.156254248E+00 0.155335463E+00 0.154512317E+00 0.153764928E+00
 0.236973904E-03 0.447144871E-02 0.140073953E-01 0.288128680E-01 0.405368362E-01
 0.411824222E-01 0.407604202E-01 0.402955502E-01 0.398319913E-01 0.393891355E-01
 0.389752012E-01 0.386025460E-01 0.382910703E-01 0.380655229E-01 0.379428326E-01
 0.379449369E-01 0.381029445E-01 0.384365599E-01 0.389597636E-01 0.396973014E-01
 0.406848116E-01 0.419616120E-01 0.435598569E-01 0.454987885E-01 0.477909629E-01
 0.504510267E-01 0.534705096E-01 0.569052832E-01 0.610948117E-01 0.657033759E-01
 0.707036267E-01 0.762395884E-01 0.823453151E-01 0.889748999E-01 0.963698486E-01
 0.104499866E+00 0.113478540E+00 0.123486110E+00 0.134772366E+00 0.147708992E+00
 0.162865148E+00 0.181116225E+00 0.203607979E+00 0.220871694E+00 0.231949696E+00
 0.235252772E+00 0.235610745E+00 0.223145256E+00 0.209007969E+00 0.198465441E+00
 0.190486717E+00 0.184303647E+00 0.179414812E+00 0.175488387E+00 0.172296060E+00
 0.169674401E+00 0.167502292E+00 0.165687340E+00 0.164157397E+00 0.162855080E+00
 0.161734100E+00 0.160756744E+00 0.159892082E+00 0.159114657E+00 0.158403504E+00
 0.237551135E-03 0.448229305E-02 0.140411023E-01 0.289354710E-01 0.406541260E-01
 0.413568503E-01 0.410082309E-01 0.406349335E-01 0.402549922E-01 0.398861340E-01
 0.395448799E-01 0.392481935E-01 0.390144554E-01 0.388633725E-01 0.388156073E-01
 0.388928214E-01 0.391174434E-01 0.395120485E-01 0.400996423E-01 0.409046680E-01
 0.419531906E-01 0.432717453E-01 0.448856973E-01 0.468184283E-01 0.490920763E-01
 0.517294905E-01 0.547574969E-01 0.582101955E-01 0.621172904E-01 0.664830056E-01
 0.713144223E-01 0.766364629E-01 0.824630158E-01 0.888256699E-01 0.958645080E-01
 0.103694215E+00 0.112272610E+00 0.121729774E+00 0.132186915E+00 0.143857190E+00
 0.156964860E+00 0.171776949E+00 0.188375158E+00 0.201714322E+00 0.210778017E+00
 0.214802021E+00 0.215276165E+00 0.209038513E+00 0.200662044E+00 0.193681145E+00
 0.187979838E+00 0.183334045E+00 0.179544346E+00 0.176445679E+00 0.173904104E+00
 0.171811362E+00 0.170079677E+00 0.168637454E+00 0.167425928E+00 0.166396612E+00
 0.165509362E+00 0.164730898E+00 0.164033669E+00 0.163394951E+00 0.162796122E+00
 0.237826328E-03 0.448746757E-02 0.140572107E-01 0.289338287E-01 0.407275000E-01
 0.414391223E-01 0.411199190E-01 0.407744047E-01 0.404344240E-01 0.401039400E-01
 0.397957045E-01 0.395283801E-01 0.393207982E-01 0.391925405E-01 0.391640608E-01
 0.392566429E-01 0.394922776E-01 0.398935157E-01 0.404833567E-01 0.412851561E-01
 0.423224507E-01 0.436186618E-01 0.451967866E-01 0.470792459E-01 0.492879903E-01
 0.518447773E-01 0.547712788E-01 0.580884898E-01 0.618154530E-01 0.659688551E-01
 0.705647304E-01 0.756201202E-01 0.811537866E-01 0.871918017E-01 0.937708687E-01
 0.100907458E+00 0.108625502E+00 0.116939657E+00 0.125857987E+00 0.135365015E+00
 0.145308571E+00 0.155446109E+00 0.165184360E+00 0.173701661E+00 0.180327721E+00
 0.184686658E+00 0.186705889E+00 0.186644005E+00 0.185141632E+00 0.182968534E+00
 0.180657607E+00 0.178479006E+00 0.176543535E+00 0.174880194E+00 0.173478583E+00
 0.172310675E+00 0.171341870E+00 0.170536563E+00 0.169860884E+00 0.169283984E+00
 0.168778555E+00 0.168320965E+00 0.167891174E+00 0.167472540E+00 0.167051563E+00
 0.237818724E-03 0.448731912E-02 0.140567131E-01 0.289223181E-01 0.407228968E-01
 0.414352964E-01 0.411153160E-01 0.407718757E-01 0.404210533E-01 0.400768427E-01
 0.397530148E-01 0.394657766E-01 0.392330572E-01 0.390741123E-01 0.390093598E-01
 0.390602239E-01 0.392489422E-01 0.395982959E-01 0.401312310E-01 0.408705439E-01
 0.418386428E-01 0.430573982E-01 0.445481081E-01 0.463314194E-01 0.484272212E-01
 0.508545245E-01 0.536313062E-01 0.567743157E-01 0.602989140E-01 0.642191033E-01
 0.685478198E-01 0.732974051E-01 0.784800932E-01 0.841066048E-01 0.901504727E-01
 0.965608440E-01 0.103374745E+00 0.110566479E+00 0.118078682E+00 0.125814412E+00
 0.133622467E+00 0.141287897E+00 0.148515948E+00 0.155039150E+00 0.160611681E+00
 0.165010328E+00 0.168214724E+00 0.170319391E+00 0.171534167E+00 0.172117672E+00
 0.172309082E+00 0.172290866E+00 0.172184292E+00 0.172061091E+00 0.171957942E+00
 0.171888559E+00 0.171852466E+00 0.171841001E+00 0.171841303E+00 0.171838938E+00
 0.171819586E+00 0.171770115E+00 0.171679218E+00 0.171537743E+00 0.171338813E+00
 0.237536597E-03 0.448199401E-02 0.140400070E-01 0.289601757E-01 0.406525158E-01
 0.413466449E-01 0.409906772E-01 0.406058994E-01 0.402092202E-01 0.398132128E-01
 0.394299450E-01 0.390748294E-01 0.387654704E-01 0.385212533E-01 0.383631327E-01
 0.383134016E-01 0.383955565E-01 0.386340105E-01 0.390527392E-01 0.396747557E-01
 0.405217848E-01 0.416141482E-01 0.429716121E-01 0.446132704E-01 0.465571907E-01
 0.488200769E-01 0.514170387E-01 0.543614888E-01 0.576650155E-01 0.613372553E-01
 0.653857843E-01 0.698159860E-01 0.746306688E-01 0.798273521E-01 0.853866831E-01
 0.912711642E-01 0.973044859E-01 0.103607517E+00 0.110100974E+00 0.116694394E+00
 0.123274224E+00 0.129703908E+00 0.135832803E+00 0.141511340E+00 0.146605360E+00
 0.151055415E+00 0.154833117E+00 0.157971740E+00 0.160595052E+00 0.162817129E+00
 0.164722923E+00 0.166372669E+00 0.167819464E+00 0.169106042E+00 0.170262627E+00
 0.171307782E+00 0.172250642E+00 0.173093477E+00 0.173834096E+00 0.174467894E+00
 0.174989490E+00 0.175393947E+00 0.175677619E+00 0.175838656E+00 0.175877242E+00
 0.236989129E-03 0.447164130E-02 0.140074041E-01 0.288122067E-01 0.405449202E-01
 0.411700568E-01 0.407420826E-01 0.402777825E-01 0.398032385E-01 0.393208857E-01
 0.388368169E-01 0.383661690E-01 0.379270870E-01 0.375399988E-01 0.372273524E-01
 0.370128061E-01 0.369222156E-01 0.369870646E-01 0.372341378E-01 0.376876087E-01
 0.383686151E-01 0.392921025E-01 0.404766647E-01 0.419411717E-01 0.437030987E-01
 0.457776155E-01 0.481772269E-01 0.509123915E-01 0.539912771E-01 0.574193817E-01
 0.611991721E-01 0.653295334E-01 0.698049258E-01 0.746141822E-01 0.797388182E-01
 0.851530766E-01 0.908731250E-01 0.965368960E-01 0.102383821E+00 0.108306398E+00
 0.114224710E+00 0.120050266E+00 0.125690642E+00 0.131056045E+00 0.136065871E+00
 0.140652491E+00 0.144758858E+00 0.148319752E+00 0.151397184E+00 0.155019985E+00
 0.158354509E+00 0.161414177E+00 0.164214580E+00 0.166773127E+00 0.169105185E+00
 0.171222055E+00 0.173130228E+00 0.174832021E+00 0.176326938E+00 0.177613240E+00
 0.178689406E+00 0.179555304E+00 0.180213012E+00 0.180667249E+00 0.180925463E+00
 0.236210779E-03 0.445688086E-02 0.139606208E-01 0.287551836E-01 0.404028628E-01
 0.409023776E-01 0.403510829E-01 0.397643031E-01 0.392192240E-01 0.386206066E-01
 0.379922003E-01 0.373539380E-01 0.367265030E-01 0.361322097E-01 0.355982031E-01
 0.351452440E-01 0.347875766E-01 0.346069825E-01 0.346229470E-01 0.348617670E-01
 0.353562953E-01 0.360743197E-01 0.370479776E-01 0.383029015E-01 0.398595319E-01
 0.417326676E-01 0.439293083E-01 0.464577543E-01 0.493240712E-01 0.525307750E-01
 0.560770672E-01 0.599583613E-01 0.641657411E-01 0.686852815E-01 0.734973123E-01
 0.785756444E-01 0.838879725E-01 0.893944265E-01 0.949603437E-01 0.100563791E+00
 0.106183693E+00 0.111777975E+00 0.117284935E+00 0.122643759E+00 0.127797835E+00
 0.132696576E+00 0.137296577E+00 0.141565951E+00 0.145501853E+00 0.149107069E+00
 0.153422657E+00 0.157790991E+00 0.161843072E+00 0.165581278E+00 0.169019606E+00
 0.172163358E+00 0.175011776E+00 0.177560212E+00 0.179802518E+00 0.181733312E+00
 0.183349877E+00 0.184653558E+00 0.185650542E+00 0.186352034E+00 0.186773886E+00
 0.235283684E-03 0.443929783E-02 0.139048637E-01 0.286227401E-01 0.402204816E-01
 0.405703600E-01 0.398954641E-01 0.392513184E-01 0.385386594E-01 0.377590822E-01
 0.369259135E-01 0.360572273E-01 0.351744869E-01 0.342891379E-01 0.334795676E-01
 0.327619316E-01 0.321598604E-01 0.317058517E-01 0.314297996E-01 0.313604026E-01
 0.315242833E-01 0.319424926E-01 0.326401130E-01 0.336426950E-01 0.349745405E-01
 0.366581276E-01 0.386561255E-01 0.409897387E-01 0.436682172E-01 0.466897780E-01
 0.500520737E-01 0.537490597E-01 0.577710624E-01 0.621042084E-01 0.667299957E-01
 0.716251289E-01 0.767614758E-01 0.821064120E-01 0.876192030E-01 0.932323923E-01
 0.988450714E-01 0.104450105E+00 0.110060490E+00 0.115625297E+00 0.121104039E+00
 0.126463409E+00 0.131676211E+00 0.136722468E+00 0.141589701E+00 0.146264307E+00
 0.150708713E+00 0.155912652E+00 0.161089776E+00 0.165925605E+00 0.170422916E+00
 0.174574177E+00 0.178360848E+00 0.181760357E+00 0.184750893E+00 0.187315216E+00
 0.189443629E+00 0.191135923E+00 0.192402123E+00 0.193262030E+00 0.193743745E+00
 0.234294010E-03 0.442061698E-02 0.138463603E-01 0.284806870E-01 0.399982759E-01
 0.402843249E-01 0.395349553E-01 0.387011748E-01 0.377729093E-01 0.367556751E-01
 0.356580529E-01 0.344904817E-01 0.333282980E-01 0.321865103E-01 0.310916017E-01
 0.300699748E-01 0.291499110E-01 0.283620154E-01 0.277379711E-01 0.273098297E-01
 0.271093463E-01 0.271674149E-01 0.275143484E-01 0.281789994E-01 0.291873028E-01
 0.305601783E-01 0.323101755E-01 0.344494687E-01 0.369849404E-01 0.398656470E-01
 0.431009328E-01 0.466828137E-01 0.506030981E-01 0.548495845E-01 0.594054716E-01
 0.642504108E-01 0.693607059E-01 0.747093365E-01 0.802653172E-01 0.859891191E-01
 0.918227063E-01 0.977089280E-01 0.103609940E+00 0.109522318E+00 0.115443307E+00
 0.121357038E+00 0.127244642E+00 0.133088417E+00 0.138872675E+00 0.144586870E+00
 0.150262422E+00 0.156119077E+00 0.162157899E+00 0.168031462E+00 0.173607806E+00
 0.178823442E+00 0.183618581E+00 0.187934128E+00 0.191716678E+00 0.194924561E+00
 0.197533154E+00 0.199538256E+00 0.200956738E+00 0.201824444E+00 0.202191912E+00
 0.233251069E-03 0.440097963E-02 0.137851475E-01 0.284495164E-01 0.397575118E-01
 0.399653517E-01 0.390766686E-01 0.380492336E-01 0.368920869E-01 0.356134466E-01
 0.342216806E-01 0.327914780E-01 0.313413469E-01 0.298921903E-01 0.284685336E-01
 0.270978379E-01 0.258102664E-01 0.246383920E-01 0.236166723E-01 0.227808498E-01
 0.221673099E-01 0.218124243E-01 0.217518907E-01 0.220198852E-01 0.226480332E-01
 0.236642663E-01 0.250917375E-01 0.269483021E-01 0.292446239E-01 0.319814303E-01
 0.351575949E-01 0.386898741E-01 0.425876810E-01 0.468427447E-01 0.514352950E-01
 0.563468495E-01 0.615575151E-01 0.670468351E-01 0.727949141E-01 0.787860471E-01
 0.850256666E-01 0.915815861E-01 0.976288418E-01 0.103939431E+00 0.110377059E+00
 0.116915186E+00 0.123537477E+00 0.130229091E+00 0.136975405E+00 0.143760862E+00
 0.150576999E+00 0.157562662E+00 0.164772562E+00 0.171876802E+00 0.178734972E+00
 0.185235114E+00 0.191258380E+00 0.196683666E+00 0.201398565E+00 0.205313368E+00
 0.208374286E+00 0.210571777E+00 0.211941203E+00 0.212555692E+00 0.212513739E+00
 0.232106184E-03 0.437941031E-02 0.137179194E-01 0.282168133E-01 0.395249427E-01
 0.396223688E-01 0.385478701E-01 0.373075181E-01 0.359040519E-01 0.343429703E-01
 0.326969114E-01 0.309831081E-01 0.292213520E-01 0.274343610E-01 0.256481180E-01
 0.238919170E-01 0.221982375E-01 0.206024586E-01 0.191424096E-01 0.178577914E-01
 0.167894972E-01 0.159788591E-01 0.154668373E-01 0.152931468E-01 0.154953331E-01
 0.161078121E-01 0.171608840E-01 0.186796899E-01 0.206829010E-01 0.231811439E-01
 0.261752709E-01 0.296519591E-01 0.335941174E-01 0.379696212E-01 0.427014324E-01
 0.477848156E-01 0.532007301E-01 0.589325069E-01 0.649641816E-01 0.712811603E-01
 0.778708866E-01 0.847491349E-01 0.917742012E-01 0.984832472E-01 0.105509423E+00
 0.112733924E+00 0.120145158E+00 0.127736827E+00 0.135500772E+00 0.143420838E+00
 0.151457865E+00 0.159786457E+00 0.168572106E+00 0.177309660E+00 0.185884437E+00
 0.194140984E+00 0.201876565E+00 0.208857683E+00 0.214847619E+00 0.219646687E+00
 0.223134315E+00 0.225296284E+00 0.226225086E+00 0.226093619E+00 0.225114538E+00
 0.230832083E-03 0.435528248E-02 0.136416123E-01 0.280856911E-01 0.392547107E-01
 0.391881490E-01 0.379457092E-01 0.364932548E-01 0.348289011E-01 0.330291148E-01
 0.311116625E-01 0.290952469E-01 0.270008947E-01 0.248527662E-01 0.226786111E-01
 0.205099419E-01 0.183819703E-01 0.163333308E-01 0.144056147E-01 0.126427433E-01
 0.110902153E-01 0.979426739E-02 0.880098423E-02 0.815539192E-02 0.790055973E-02
 0.807672508E-02 0.872043768E-02 0.986369266E-02 0.115329951E-01 0.137483080E-01
 0.165218458E-01 0.198566726E-01 0.237456865E-01 0.281683303E-01 0.330866548E-01
 0.384468231E-01 0.441596693E-01 0.502194569E-01 0.566103784E-01 0.633196900E-01
 0.703368623E-01 0.776535073E-01 0.853034427E-01 0.928828589E-01 0.100508653E+00
 0.108446952E+00 0.116671309E+00 0.125191371E+00 0.134019968E+00 0.143174215E+00
 0.152697259E+00 0.162699712E+00 0.173200004E+00 0.184015273E+00 0.194959253E+00
 0.205809761E+00 0.216237164E+00 0.225779880E+00 0.233884854E+00 0.240032799E+00
 0.243903215E+00 0.245485495E+00 0.245075378E+00 0.243157609E+00 0.240243312E+00
 0.229498223E-03 0.433010463E-02 0.135626264E-01 0.279269321E-01 0.389778415E-01
 0.387709833E-01 0.373379466E-01 0.356682341E-01 0.337642567E-01 0.317031469E-01
 0.294971283E-01 0.271627216E-01 0.247205821E-01 0.221956466E-01 0.196172964E-01
 0.170193999E-01 0.144401718E-01 0.119218242E-01 0.951001425E-02 0.725311258E-02
 0.520133355E-02 0.340577881E-02 0.191744953E-02 0.786280397E-03 0.602382169E-04
-0.215488556E-03 0.793808871E-06 0.746638569E-03 0.205483260E-02 0.395271635E-02
 0.646135392E-02 0.959443454E-02 0.133567632E-01 0.177420215E-01 0.227298544E-01
 0.282824184E-01 0.343392756E-01 0.408141101E-01 0.476352427E-01 0.547946265E-01
 0.622879967E-01 0.701147998E-01 0.782782333E-01 0.867847044E-01 0.951162469E-01
 0.103714244E+00 0.112710528E+00 0.122116944E+00 0.131967580E+00 0.142299097E+00
 0.153098713E+00 0.164591102E+00 0.177519543E+00 0.190950218E+00 0.205078620E+00
 0.219831592E+00 0.234898619E+00 0.249499690E+00 0.262141530E+00 0.271047069E+00
 0.275152812E+00 0.274485540E+00 0.270195379E+00 0.264033112E+00 0.257315228E+00
 0.228139062E-03 0.430442322E-02 0.134820415E-01 0.277268856E-01 0.386753553E-01
 0.383366435E-01 0.367092168E-01 0.348010208E-01 0.326823973E-01 0.303680656E-01
 0.278738571E-01 0.252182367E-01 0.224233976E-01 0.195160078E-01 0.165276513E-01
 0.134949811E-01 0.104595887E-01 0.746759934E-02 0.456901509E-02 0.181684575E-02
-0.733916012E-03-0.302740489E-02-0.500800269E-02-0.662139419E-02-0.781549831E-02
-0.854123466E-02-0.875311372E-02-0.840967158E-02-0.747380413E-02-0.591308937E-02
-0.370021775E-02-0.813678852E-03 0.276112407E-02 0.703014665E-02 0.119882185E-01
 0.176156904E-01 0.238741304E-01 0.307013242E-01 0.380055285E-01 0.456503543E-01
 0.536362168E-01 0.619684002E-01 0.706539675E-01 0.796883143E-01 0.889595793E-01
 0.982143529E-01 0.107873118E+00 0.118030859E+00 0.128742897E+00 0.140092504E+00
 0.152222614E+00 0.165418025E+00 0.179921449E+00 0.195810982E+00 0.213333674E+00
 0.232914125E+00 0.255156613E+00 0.280967142E+00 0.311381179E+00 0.324401095E+00
 0.327271590E+00 0.320804199E+00 0.300968822E+00 0.285484156E+00 0.272841791E+00
 0.226781824E-03 0.427877675E-02 0.134011213E-01 0.276478327E-01 0.383742152E-01
 0.378616675E-01 0.360907031E-01 0.339833203E-01 0.316362155E-01 0.290633468E-01
 0.262797427E-01 0.233038035E-01 0.201584485E-01 0.168718477E-01 0.134778417E-01
 0.100160578E-01 0.653170774E-02 0.307507294E-02-0.299302595E-03-0.353366164E-02
-0.656825401E-02-0.934263791E-02-0.117969648E-01-0.138731536E-01-0.155158742E-01
-0.166732888E-01-0.172975296E-01-0.173449335E-01-0.167760914E-01-0.155558110E-01
-0.136531239E-01-0.110415008E-01-0.769946259E-02-0.361178846E-02 0.122847493E-02
 0.681701786E-02 0.131341442E-01 0.201394814E-01 0.277656204E-01 0.359110880E-01
 0.443827027E-01 0.531925824E-01 0.623470299E-01 0.718563114E-01 0.816939176E-01
 0.916912282E-01 0.101875611E+00 0.112566775E+00 0.123852358E+00 0.135811113E+00
 0.148555299E+00 0.162510055E+00 0.178134125E+00 0.195333877E+00 0.214601220E+00
 0.236735342E+00 0.263010272E+00 0.295414328E+00 0.332723248E+00 0.350896523E+00
 0.353845605E+00 0.342781508E+00 0.315440620E+00 0.294667727E+00 0.278969860E+00
 0.225481884E-03 0.425429922E-02 0.133247104E-01 0.274064220E-01 0.381424657E-01
 0.374935069E-01 0.355157339E-01 0.332049240E-01 0.306335726E-01 0.278094024E-01
 0.247452521E-01 0.214591585E-01 0.179748114E-01 0.143220480E-01 0.105371792E-01
 0.666303212E-02 0.274865311E-02-0.115134516E-02-0.497776930E-02-0.866810550E-02
-0.121579655E-01-0.153826069E-01-0.182784073E-01-0.207841754E-01-0.228422033E-01
-0.243989931E-01-0.254056338E-01-0.258178465E-01-0.255957623E-01-0.247035368E-01
-0.231089440E-01-0.207831242E-01-0.177006858E-01-0.138403874E-01-0.918663948E-02
-0.373207770E-02 0.251855212E-02 0.954298525E-02 0.172943596E-01 0.256924215E-01
 0.346130693E-01 0.438884403E-01 0.534561120E-01 0.633253507E-01 0.734987117E-01
 0.839094299E-01 0.945596650E-01 0.105617399E+00 0.117178988E+00 0.129323423E+00
 0.142153516E+00 0.156048527E+00 0.171375413E+00 0.187972001E+00 0.206114143E+00
 0.226218732E+00 0.248840028E+00 0.274736366E+00 0.303618673E+00 0.317891268E+00
 0.321585993E+00 0.315633783E+00 0.297598102E+00 0.283019468E+00 0.271053107E+00
 0.224244097E-03 0.423080671E-02 0.132504539E-01 0.272682090E-01 0.379023479E-01
 0.370740286E-01 0.349158895E-01 0.324486077E-01 0.296812904E-01 0.266269542E-01
 0.233012887E-01 0.197242465E-01 0.159213895E-01 0.119248102E-01 0.777363954E-02
 0.351413204E-02-0.800687717E-03-0.511180771E-02-0.935540171E-02-0.134643155E-01
-0.173697551E-01-0.210030403E-01-0.242972790E-01-0.271888238E-01-0.296183970E-01
-0.315318084E-01-0.328802387E-01-0.336201071E-01-0.337125956E-01-0.331229410E-01
-0.318196460E-01-0.297737886E-01-0.269586392E-01-0.233498168E-01-0.189262380E-01
-0.136721301E-01-0.758038303E-02-0.657489852E-03 0.706975022E-02 0.155457583E-01
 0.246762334E-01 0.343175757E-01 0.442645283E-01 0.544323117E-01 0.648282521E-01
 0.754623459E-01 0.863580896E-01 0.975558132E-01 0.109105605E+00 0.121066965E+00
 0.133539333E+00 0.146746449E+00 0.160815704E+00 0.175606676E+00 0.191037236E+00
 0.206991975E+00 0.223145256E+00 0.238723118E+00 0.252295568E+00 0.262186879E+00
 0.267384943E+00 0.267914798E+00 0.264862815E+00 0.259876659E+00 0.254225538E+00
 0.223130659E-03 0.420978391E-02 0.131843895E-01 0.271543972E-01 0.376681577E-01
 0.367169113E-01 0.344133697E-01 0.317804627E-01 0.288232153E-01 0.255531355E-01
 0.219855996E-01 0.181411209E-01 0.140465752E-01 0.973608798E-02 0.525151700E-02
 0.642481282E-03-0.403409701E-02-0.871493428E-02-0.133317646E-01-0.178130644E-01
-0.220859891E-01-0.260783640E-01-0.297205570E-01-0.329470768E-01-0.356977685E-01
-0.379185215E-01-0.395614642E-01-0.405846681E-01-0.409514424E-01-0.406293379E-01
-0.395890194E-01-0.378031890E-01-0.352457702E-01-0.318915818E-01-0.277167560E-01
-0.227001726E-01-0.168261970E-01-0.100890013E-01-0.249869000E-02 0.591067954E-02
 0.150713565E-01 0.248710494E-01 0.351422360E-01 0.455803212E-01 0.561825561E-01
 0.669516549E-01 0.778953289E-01 0.890249707E-01 0.100351984E+00 0.111876530E+00
 0.123520199E+00 0.135512372E+00 0.148638618E+00 0.161646328E+00 0.174634375E+00
 0.187419657E+00 0.199684395E+00 0.210980597E+00 0.220775180E+00 0.228570162E+00
 0.234058236E+00 0.237227555E+00 0.238358662E+00 0.237914559E+00 0.236387925E+00
 0.222173519E-03 0.419176517E-02 0.131281881E-01 0.269937478E-01 0.374650403E-01
 0.364272871E-01 0.339899363E-01 0.312039478E-01 0.280745597E-01 0.246110241E-01
 0.208279169E-01 0.167460530E-01 0.123934487E-01 0.780610848E-02 0.302844946E-02
-0.188674627E-02-0.687890885E-02-0.118807891E-01-0.168200462E-01-0.216212070E-01
-0.262078452E-01-0.305047962E-01-0.344402160E-01-0.379473088E-01-0.409655819E-01
-0.434415417E-01-0.453288039E-01-0.465876507E-01-0.471841237E-01-0.470887819E-01
-0.462752886E-01-0.447190139E-01-0.423958593E-01-0.392815287E-01-0.353514924E-01
-0.305819155E-01-0.249518464E-01-0.184469746E-01-0.110652547E-01-0.282462211E-02
 0.622712484E-02 0.160004633E-01 0.263508585E-01 0.370649922E-01 0.478564432E-01
 0.587203763E-01 0.696531421E-01 0.806506542E-01 0.917072416E-01 0.102819545E+00
 0.114016311E+00 0.125411252E+00 0.137005074E+00 0.148561740E+00 0.159875297E+00
 0.170766008E+00 0.181030007E+00 0.190437533E+00 0.198756788E+00 0.205792365E+00
 0.211425531E+00 0.215640331E+00 0.218524167E+00 0.220243050E+00 0.221003043E+00
 0.221364522E-03 0.417644436E-02 0.130796616E-01 0.269650429E-01 0.372709182E-01
 0.361310426E-01 0.336174591E-01 0.307149481E-01 0.274439453E-01 0.238176393E-01
 0.198521322E-01 0.155693444E-01 0.109986392E-01 0.617784097E-02 0.115371889E-02
-0.401809432E-02-0.927377851E-02-0.145425860E-01-0.197486207E-01-0.248130118E-01
-0.296563112E-01-0.342009079E-01-0.383732493E-01-0.421056773E-01-0.453377308E-01
-0.480168246E-01-0.500982832E-01-0.515447705E-01-0.523252131E-01-0.524133570E-01
-0.517861262E-01-0.504219728E-01-0.482994199E-01-0.453960161E-01-0.416879369E-01
-0.371504968E-01-0.317598628E-01-0.254962912E-01-0.183492120E-01-0.103244479E-01
-0.145372935E-02 0.819359109E-02 0.184971627E-01 0.292718246E-01 0.402555613E-01
 0.512118718E-01 0.621329847E-01 0.730078278E-01 0.838194803E-01 0.945385374E-01
 0.105099593E+00 0.115741258E+00 0.126744662E+00 0.137422591E+00 0.147714547E+00
 0.157525655E+00 0.166738053E+00 0.175228131E+00 0.182880301E+00 0.189601589E+00
 0.195334838E+00 0.200066960E+00 0.203829712E+00 0.206692951E+00 0.208752749E+00
 0.220743200E-03 0.416475124E-02 0.130433652E-01 0.268288949E-01 0.371622448E-01
 0.359711811E-01 0.333447468E-01 0.303353173E-01 0.269472167E-01 0.231899599E-01
 0.190788846E-01 0.146362370E-01 0.989235198E-02 0.488655072E-02-0.332428070E-03
-0.570657195E-02-0.111693660E-01-0.166471857E-01-0.220612386E-01-0.273299195E-01
-0.323713886E-01-0.371061501E-01-0.414594041E-01-0.453629676E-01-0.487566105E-01
-0.515887162E-01-0.538162499E-01-0.554040836E-01-0.563237862E-01-0.565520241E-01
-0.560687479E-01-0.548553542E-01-0.528930221E-01-0.501614327E-01-0.466380983E-01
-0.422985511E-01-0.371176738E-01-0.310724886E-01-0.241467379E-01-0.163375717E-01
-0.766455477E-02 0.181901883E-02 0.120129290E-01 0.227560133E-01 0.338132692E-01
 0.448670267E-01 0.557946904E-01 0.665859647E-01 0.772247688E-01 0.876896319E-01
 0.979711413E-01 0.108245035E+00 0.118594131E+00 0.128668846E+00 0.138343259E+00
 0.147540861E+00 0.156185957E+00 0.164205224E+00 0.171533240E+00 0.178118500E+00
 0.183928596E+00 0.188953457E+00 0.193205919E+00 0.196719588E+00 0.199544562E+00
 0.220293185E-03 0.415624096E-02 0.130165626E-01 0.267788781E-01 0.370628164E-01
 0.358245012E-01 0.331395024E-01 0.300601358E-01 0.265900817E-01 0.227393688E-01
 0.185238338E-01 0.139663372E-01 0.909807937E-02 0.395955819E-02-0.139899149E-02
-0.691777380E-02-0.125282711E-01-0.181547357E-01-0.237162542E-01-0.291292381E-01
-0.343101355E-01-0.391781310E-01-0.436575913E-01-0.476800462E-01-0.511855463E-01
-0.541233066E-01-0.564516246E-01-0.581371300E-01-0.591534768E-01-0.594796361E-01
-0.590979633E-01-0.579922329E-01-0.561458342E-01-0.535403327E-01-0.501546122E-01
-0.459648360E-01-0.409455009E-01-0.350718907E-01-0.283242671E-01-0.206941268E-01
-0.121927842E-01-0.286234791E-02 0.721118997E-02 0.178835877E-01 0.289382954E-01
 0.400751278E-01 0.510174979E-01 0.617585098E-01 0.722853369E-01 0.825829474E-01
 0.926605728E-01 0.102673186E+00 0.112676354E+00 0.122401060E+00 0.131723805E+00
 0.140582565E+00 0.148924355E+00 0.156700669E+00 0.163869463E+00 0.170397953E+00
 0.176265027E+00 0.181462793E+00 0.185996992E+00 0.189886234E+00 0.193160236E+00
 0.220028181E-03 0.415121103E-02 0.130005347E-01 0.267869456E-01 0.369713630E-01
 0.357223026E-01 0.330142853E-01 0.298977666E-01 0.263807228E-01 0.224754954E-01
 0.181987434E-01 0.135738551E-01 0.863260538E-02 0.341622024E-02-0.202415824E-02
-0.762766086E-02-0.133245702E-01-0.190378723E-01-0.246853948E-01-0.301823792E-01
-0.354442735E-01-0.403895034E-01-0.449419742E-01-0.490330863E-01-0.526031040E-01
-0.556017890E-01-0.579882882E-01-0.597303369E-01-0.608028965E-01-0.611863824E-01
-0.608646652E-01-0.598230325E-01-0.580463065E-01-0.555173155E-01-0.522159285E-01
-0.481188845E-01-0.432006802E-01-0.374358186E-01-0.308027502E-01-0.232898449E-01
-0.149036655E-01-0.567964747E-02 0.430505118E-02 0.149173152E-01 0.259540205E-01
 0.371307093E-01 0.480764347E-01 0.587839022E-01 0.692393146E-01 0.794160469E-01
 0.892302055E-01 0.989375005E-01 0.109038921E+00 0.118630975E+00 0.127784833E+00
 0.136478051E+00 0.144673723E+00 0.152335813E+00 0.159433124E+00 0.165941370E+00
 0.171844654E+00 0.177136411E+00 0.181819732E+00 0.185907062E+00 0.189419313E+00
 0.219967769E-03 0.415011730E-02 0.129975331E-01 0.267235230E-01 0.369603324E-01
 0.357263666E-01 0.329937494E-01 0.298585952E-01 0.263258097E-01 0.224046982E-01
 0.181108304E-01 0.134672920E-01 0.850586374E-02 0.326791867E-02-0.219517097E-02
-0.782224836E-02-0.135432693E-01-0.192808729E-01-0.249525421E-01-0.304731984E-01
-0.357580184E-01-0.407252253E-01-0.452986064E-01-0.494095393E-01-0.529983644E-01
-0.560150160E-01-0.584189018E-01-0.601780948E-01-0.612679555E-01-0.616693438E-01
-0.613666017E-01-0.603454963E-01-0.585913157E-01-0.560873160E-01-0.528137248E-01
-0.487475316E-01-0.438633247E-01-0.381354748E-01-0.315419952E-01-0.240704160E-01
-0.157259471E-01-0.654204115E-02 0.340686511E-02 0.139911988E-01 0.250122300E-01
 0.361906841E-01 0.471261108E-01 0.578109347E-01 0.682340196E-01 0.783886251E-01
 0.883101501E-01 0.981336331E-01 0.107888897E+00 0.117382369E+00 0.126482425E+00
 0.135130251E+00 0.143286577E+00 0.150918372E+00 0.157997784E+00 0.164503200E+00
 0.170420400E+00 0.175743351E+00 0.180474529E+00 0.184624732E+00 0.188212425E+00
 0.220084532E-03 0.415227783E-02 0.130038826E-01 0.267938694E-01 0.369832237E-01
 0.357402360E-01 0.330388691E-01 0.299302441E-01 0.264222944E-01 0.225272785E-01
 0.182617723E-01 0.136490638E-01 0.872080165E-02 0.351805540E-02-0.190821968E-02
-0.749736799E-02-0.131799052E-01-0.188790590E-01-0.245128955E-01-0.299968770E-01
-0.352466421E-01-0.401807658E-01-0.447232533E-01-0.488055515E-01-0.523679183E-01
-0.553600600E-01-0.577410269E-01-0.594784265E-01-0.605470731E-01-0.609272289E-01
-0.606026184E-01-0.595584033E-01-0.577793139E-01-0.552481341E-01-0.519447503E-01
-0.478459948E-01-0.429265491E-01-0.371612070E-01-0.305288302E-01-0.230183301E-01
-0.146369469E-01-0.542092521E-02 0.455165153E-02 0.151466561E-01 0.261599108E-01
 0.373059204E-01 0.482191875E-01 0.588911620E-01 0.693056373E-01 0.794306708E-01
 0.891649397E-01 0.988177407E-01 0.108998322E+00 0.118627896E+00 0.127804832E+00
 0.136514056E+00 0.144721517E+00 0.152392622E+00 0.159496999E+00 0.166010870E+00
 0.171918672E+00 0.177214069E+00 0.181900316E+00 0.185989982E+00 0.189504069E+00
 0.220405288E-03 0.415836065E-02 0.130231943E-01 0.267925086E-01 0.370858833E-01
 0.358592717E-01 0.331880948E-01 0.301247378E-01 0.266728952E-01 0.228425222E-01
 0.186493336E-01 0.141160170E-01 0.927354161E-02 0.416211047E-02-0.116839934E-02
-0.665860482E-02-0.122404418E-01-0.178386360E-01-0.233727428E-01-0.287596103E-01
-0.339160668E-01-0.387615972E-01-0.432207734E-01-0.472252273E-01-0.507150071E-01
-0.536392298E-01-0.559560136E-01-0.576317466E-01-0.586398033E-01-0.589588620E-01
-0.585709995E-01-0.574597517E-01-0.556083376E-01-0.529982477E-01-0.496084147E-01
-0.454152037E-01-0.403934959E-01-0.345191698E-01-0.277733147E-01-0.201485010E-01
-0.116573588E-01-0.234352620E-02 0.770531916E-02 0.183431818E-01 0.293517941E-01
 0.404293737E-01 0.513112522E-01 0.619892255E-01 0.724489088E-01 0.826743222E-01
 0.926800568E-01 0.102658141E+00 0.112682894E+00 0.122439447E+00 0.131789928E+00
 0.140671317E+00 0.149031406E+00 0.156822556E+00 0.164003432E+00 0.170541789E+00
 0.176416926E+00 0.181621262E+00 0.186160778E+00 0.190054273E+00 0.193331617E+00
 0.220912117E-03 0.416794194E-02 0.130533353E-01 0.268493483E-01 0.371967795E-01
 0.360232022E-01 0.334175002E-01 0.304319958E-01 0.270709761E-01 0.233438636E-01
 0.192658478E-01 0.148589554E-01 0.101532139E-01 0.518753986E-02 0.101704909E-04
-0.532146908E-02-0.107415157E-01-0.161770308E-01-0.215499067E-01-0.267791821E-01
-0.317835834E-01-0.364840702E-01-0.408061634E-01-0.446818529E-01-0.480509323E-01
-0.508616691E-01-0.530707934E-01-0.546428510E-01-0.555490276E-01-0.557655863E-01
-0.552720946E-01-0.540496264E-01-0.520791399E-01-0.493402396E-01-0.458105493E-01
-0.414659451E-01-0.362819299E-01-0.302364613E-01-0.233145599E-01-0.155149995E-01
-0.685927928E-02 0.259715659E-02 0.127518897E-01 0.234417647E-01 0.344303353E-01
 0.453995345E-01 0.562441751E-01 0.669518831E-01 0.775048904E-01 0.878805408E-01
 0.980725137E-01 0.108299735E+00 0.118671354E+00 0.128777531E+00 0.138480091E+00
 0.147701947E+00 0.156367701E+00 0.164404444E+00 0.171747163E+00 0.178344723E+00
 0.184165041E+00 0.189198322E+00 0.193457636E+00 0.196976785E+00 0.199806040E+00
 0.221593684E-03 0.418076524E-02 0.130931614E-01 0.269927485E-01 0.373178257E-01
 0.362018261E-01 0.337152830E-01 0.308442034E-01 0.276086398E-01 0.240216457E-01
 0.200991905E-01 0.158629788E-01 0.113420347E-01 0.657370530E-02 0.160414684E-02
-0.351174060E-02-0.871096024E-02-0.139236400E-01-0.190747653E-01-0.240863043E-01
-0.288795566E-01-0.333775256E-01-0.375071084E-01-0.412009130E-01-0.443985571E-01
-0.470473577E-01-0.491023890E-01-0.505259471E-01-0.512865167E-01-0.513573753E-01
-0.507150047E-01-0.493374944E-01-0.472031411E-01-0.442894601E-01-0.405728475E-01
-0.360291534E-01-0.306354566E-01-0.243733561E-01-0.172340917E-01-0.922576081E-02
-0.382761861E-03 0.922266989E-02 0.194674051E-01 0.301640340E-01 0.410491146E-01
 0.519081525E-01 0.627327941E-01 0.735109873E-01 0.842245010E-01 0.948414644E-01
 0.105288574E+00 0.115861566E+00 0.126910543E+00 0.137621846E+00 0.147941097E+00
 0.157776024E+00 0.167009273E+00 0.175517449E+00 0.183185162E+00 0.189919654E+00
 0.195663986E+00 0.200405278E+00 0.204175483E+00 0.207044639E+00 0.209108976E+00
 0.222468311E-03 0.419730809E-02 0.131455065E-01 0.270292514E-01 0.375248672E-01
 0.365170532E-01 0.341145017E-01 0.313673055E-01 0.282808406E-01 0.248646176E-01
 0.211333195E-01 0.171076527E-01 0.128153082E-01 0.829176331E-02 0.358072857E-02
-0.126587203E-02-0.618844125E-02-0.111207717E-01-0.159915807E-01-0.207264130E-01
-0.252497644E-01-0.294872464E-01-0.333676075E-01-0.368244361E-01-0.397974088E-01
-0.422329971E-01-0.440846030E-01-0.453121575E-01-0.458812623E-01-0.457620069E-01
-0.449276176E-01-0.433531263E-01-0.410142643E-01-0.378868040E-01-0.339465980E-01
-0.291705846E-01-0.235390566E-01-0.170394974E-01-0.967227076E-02-0.145836799E-02
 0.755076491E-02 0.172616157E-01 0.275259977E-01 0.381288909E-01 0.488111303E-01
 0.595678647E-01 0.703950249E-01 0.812878062E-01 0.922398926E-01 0.103248896E+00
 0.114353157E+00 0.125696532E+00 0.137291008E+00 0.148869009E+00 0.160206551E+00
 0.171119699E+00 0.181403791E+00 0.190828959E+00 0.199163469E+00 0.206212042E+00
 0.211856102E+00 0.216079859E+00 0.218970880E+00 0.220695332E+00 0.221459426E+00
 0.223494821E-03 0.421665067E-02 0.132059500E-01 0.271989149E-01 0.377438636E-01
 0.368313407E-01 0.345718920E-01 0.319827588E-01 0.290730168E-01 0.258557302E-01
 0.223467130E-01 0.185663674E-01 0.145411427E-01 0.103045146E-01 0.589750837E-02
 0.136875709E-02-0.322592391E-02-0.782443558E-02-0.123597218E-01-0.167614354E-01
-0.209578155E-01-0.248776238E-01-0.284519740E-01-0.316159019E-01-0.343095503E-01
-0.364788864E-01-0.380759234E-01-0.390584678E-01-0.393894698E-01-0.390360932E-01
-0.379686585E-01-0.361596421E-01-0.335829376E-01-0.302136079E-01-0.260283803E-01
-0.210071598E-01-0.151358471E-01-0.841074620E-02-0.844797785E-03 0.752424235E-02
 0.166237905E-01 0.263350765E-01 0.364814898E-01 0.467963508E-01 0.572793051E-01
 0.679335229E-01 0.787661123E-01 0.897871921E-01 0.101006300E+00 0.112419804E+00
 0.123930797E+00 0.135816157E+00 0.149027894E+00 0.162068546E+00 0.175081728E+00
 0.187888819E+00 0.200172686E+00 0.211485482E+00 0.221294248E+00 0.229101155E+00
 0.234599061E+00 0.237776285E+00 0.238913522E+00 0.238473912E+00 0.236950266E+00
 0.224666114E-03 0.423886089E-02 0.132759469E-01 0.273215916E-01 0.379954378E-01
 0.372213758E-01 0.351382478E-01 0.326990481E-01 0.299750252E-01 0.269750236E-01
 0.237125164E-01 0.202061265E-01 0.164804254E-01 0.125665833E-01 0.850274866E-02
 0.433408464E-02 0.112413590E-03-0.410453839E-02-0.825426852E-02-0.122709267E-01
-0.160869433E-01-0.196347261E-01-0.228482879E-01-0.256646710E-01-0.280250599E-01
-0.298755061E-01-0.311672388E-01-0.318565781E-01-0.319045196E-01-0.312760988E-01
-0.299396801E-01-0.278663490E-01-0.250296092E-01-0.214056130E-01-0.169741717E-01
-0.117208093E-01-0.564012460E-02 0.125930075E-02 0.894828025E-02 0.173686653E-01
 0.264234991E-01 0.359663003E-01 0.457487998E-01 0.557715531E-01 0.660366144E-01
 0.765513173E-01 0.873365791E-01 0.984293766E-01 0.109876681E+00 0.121736885E+00
 0.134116712E+00 0.147272848E+00 0.161346711E+00 0.176160099E+00 0.191613792E+00
 0.207589155E+00 0.223760109E+00 0.239352799E+00 0.252937488E+00 0.262838743E+00
 0.268044720E+00 0.268580654E+00 0.265533047E+00 0.260549654E+00 0.254899777E+00
 0.225937657E-03 0.426287886E-02 0.133516333E-01 0.274619506E-01 0.382367253E-01
 0.376358777E-01 0.357132742E-01 0.334582207E-01 0.309464045E-01 0.281873734E-01
 0.251948272E-01 0.219870366E-01 0.185874905E-01 0.150254974E-01 0.113365732E-01
 0.756252998E-02 0.375122290E-02-0.440527519E-04-0.376549061E-02-0.735197161E-02
-0.107404470E-01-0.138674002E-01-0.166702717E-01-0.190887372E-01-0.210657445E-01
-0.225482469E-01-0.234876073E-01-0.238396916E-01-0.235647118E-01-0.226269197E-01
-0.209942882E-01-0.186383500E-01-0.155343854E-01-0.116621770E-01-0.700755790E-02
-0.156498517E-02 0.465864980E-02 0.116388119E-01 0.193266663E-01 0.276409964E-01
 0.364592056E-01 0.455730948E-01 0.549884516E-01 0.647147410E-01 0.747552493E-01
 0.850531829E-01 0.956129536E-01 0.106585230E+00 0.118059706E+00 0.130112664E+00
 0.142845535E+00 0.156686925E+00 0.172042428E+00 0.188668598E+00 0.206834572E+00
 0.226958342E+00 0.249594820E+00 0.275502819E+00 0.304393701E+00 0.318673070E+00
 0.322372843E+00 0.316424150E+00 0.298390798E+00 0.283812664E+00 0.271845185E+00
 0.227258141E-03 0.428774224E-02 0.134292303E-01 0.277057706E-01 0.384726754E-01
 0.380108547E-01 0.362980412E-01 0.342553493E-01 0.319732399E-01 0.294699705E-01
 0.267624190E-01 0.238696283E-01 0.208144963E-01 0.176247458E-01 0.143334587E-01
 0.109792560E-01 0.760614708E-02 0.426306595E-02 0.100311923E-02-0.211740361E-02
-0.504019017E-02-0.770615001E-02-0.100566522E-01-0.120346660E-01-0.135857300E-01
-0.146586987E-01-0.152062494E-01-0.151851667E-01-0.145564631E-01-0.132854297E-01
-0.113417437E-01-0.869978887E-02-0.533936871E-02-0.124700140E-02 0.358200810E-02
 0.914054444E-02 0.154055944E-01 0.223329861E-01 0.298515848E-01 0.378556697E-01
 0.461893219E-01 0.548581154E-01 0.638731344E-01 0.732472496E-01 0.829602527E-01
 0.928674780E-01 0.102996101E+00 0.113630049E+00 0.124852058E+00 0.136738726E+00
 0.149398613E+00 0.163307352E+00 0.178968011E+00 0.196197793E+00 0.215486159E+00
 0.237635263E+00 0.263920629E+00 0.296331389E+00 0.333643941E+00 0.351819470E+00
 0.354769524E+00 0.343705294E+00 0.316363492E+00 0.295587856E+00 0.279885652E+00
 0.228628713E-03 0.431370164E-02 0.135112316E-01 0.277873989E-01 0.387791646E-01
 0.384968414E-01 0.369414478E-01 0.351269125E-01 0.330556602E-01 0.308042984E-01
 0.283847132E-01 0.258134988E-01 0.231117228E-01 0.203051097E-01 0.174242518E-01
 0.145046785E-01 0.115867108E-01 0.871507471E-02 0.593828256E-02 0.330781130E-02
 0.877129503E-03-0.129936312E-02-0.316741290E-02-0.467393749E-02-0.576794272E-02
-0.640129454E-02-0.652933679E-02-0.611137667E-02-0.511109280E-02-0.349695397E-02
-0.124276556E-02 0.167151742E-02 0.525855582E-02 0.952180936E-02 0.144529944E-01
 0.200286369E-01 0.262061552E-01 0.329165913E-01 0.400666589E-01 0.475614679E-01
 0.554013893E-01 0.635923062E-01 0.721438772E-01 0.810556607E-01 0.902316486E-01
 0.994505627E-01 0.109080774E+00 0.119208240E+00 0.129886938E+00 0.141198989E+00
 0.153289920E+00 0.166464601E+00 0.180975345E+00 0.196876629E+00 0.214407757E+00
 0.233993360E+00 0.256238232E+00 0.282048706E+00 0.312460447E+00 0.325477196E+00
 0.328343433E+00 0.321870801E+00 0.302029552E+00 0.286537564E+00 0.273886632E+00
 0.229988604E-03 0.433937111E-02 0.135917397E-01 0.279871259E-01 0.390805273E-01
 0.389275058E-01 0.375590463E-01 0.359625759E-01 0.341331640E-01 0.321462970E-01
 0.300201324E-01 0.277733629E-01 0.254271115E-01 0.230059646E-01 0.205385108E-01
 0.180575455E-01 0.156000099E-01 0.132066938E-01 0.109217294E-01 0.879190476E-02
 0.686583964E-02 0.519307016E-02 0.382309667E-02 0.280444463E-02 0.218377824E-02
 0.200508916E-02 0.230895910E-02 0.313187210E-02 0.450552513E-02 0.645605488E-02
 0.900306826E-02 0.121583689E-01 0.159242644E-01 0.202912965E-01 0.252356475E-01
 0.307134762E-01 0.366697479E-01 0.429774107E-01 0.496383100E-01 0.566404643E-01
 0.639781498E-01 0.716526146E-01 0.796771502E-01 0.880772400E-01 0.963979384E-01
 0.105005744E+00 0.114008799E+00 0.123419161E+00 0.133271993E+00 0.143607043E+00
 0.154420813E+00 0.165928552E+00 0.178818931E+00 0.192235775E+00 0.206355680E+00
 0.221101639E+00 0.236161621E+00 0.250754986E+00 0.263388254E+00 0.272284345E+00
 0.276379806E+00 0.275701456E+00 0.271399421E+00 0.265224468E+00 0.258493099E+00
 0.231309325E-03 0.436430918E-02 0.136699729E-01 0.281443619E-01 0.393550218E-01
 0.393417541E-01 0.381648989E-01 0.367932013E-01 0.352304290E-01 0.334862990E-01
 0.316415805E-01 0.297108029E-01 0.277126637E-01 0.256697435E-01 0.236084562E-01
 0.215589960E-01 0.195551817E-01 0.176341588E-01 0.158359482E-01 0.142028472E-01
 0.127787072E-01 0.116081174E-01 0.107355353E-01 0.102043997E-01 0.100562536E-01
 0.103298848E-01 0.110604604E-01 0.122786373E-01 0.140096252E-01 0.162721382E-01
 0.190770130E-01 0.224255195E-01 0.263074918E-01 0.306973384E-01 0.355629149E-01
 0.407848376E-01 0.463647196E-01 0.522834626E-01 0.585262750E-01 0.650794780E-01
 0.719308222E-01 0.790689557E-01 0.864939664E-01 0.940645420E-01 0.101805743E+00
 0.109806610E+00 0.118075030E+00 0.126628938E+00 0.135485153E+00 0.144663097E+00
 0.154205111E+00 0.164213986E+00 0.174705365E+00 0.185506320E+00 0.196435570E+00
 0.207271579E+00 0.217684456E+00 0.227212335E+00 0.235301986E+00 0.241434040E+00
 0.245287972E+00 0.246853182E+00 0.246425426E+00 0.244489473E+00 0.241556485E+00
 0.232560121E-03 0.438797943E-02 0.137447863E-01 0.282722002E-01 0.396190888E-01
 0.397654533E-01 0.387498859E-01 0.375779020E-01 0.362504151E-01 0.347674663E-01
 0.332057055E-01 0.315839436E-01 0.299222931E-01 0.282431281E-01 0.265716691E-01
 0.249361395E-01 0.233677089E-01 0.219002725E-01 0.205700766E-01 0.194151958E-01
 0.184748784E-01 0.177887816E-01 0.173961295E-01 0.173348342E-01 0.176406232E-01
 0.183461850E-01 0.194801363E-01 0.210658443E-01 0.231202626E-01 0.256532409E-01
 0.286653309E-01 0.321449110E-01 0.360741297E-01 0.403608369E-01 0.450062120E-01
 0.499909345E-01 0.552982625E-01 0.609104303E-01 0.668097570E-01 0.729789218E-01
 0.794013383E-01 0.860695330E-01 0.929270463E-01 0.998177417E-01 0.106931783E+00
 0.114226645E+00 0.121696153E+00 0.129336637E+00 0.137142273E+00 0.145099087E+00
 0.153170859E+00 0.161516170E+00 0.170283241E+00 0.179001872E+00 0.187557294E+00
 0.195793755E+00 0.203508600E+00 0.210468412E+00 0.216436519E+00 0.221213275E+00
 0.224678144E+00 0.226816949E+00 0.227722225E+00 0.227566917E+00 0.226563732E+00
 0.233677212E-03 0.440901746E-02 0.138103254E-01 0.285013728E-01 0.398456300E-01
 0.400990158E-01 0.392642433E-01 0.382995857E-01 0.372133952E-01 0.360132096E-01
 0.347078236E-01 0.333717338E-01 0.320234040E-01 0.306833686E-01 0.293754030E-01
 0.281258435E-01 0.269633858E-01 0.259189020E-01 0.250251330E-01 0.243162215E-01
 0.238270817E-01 0.235926115E-01 0.236467593E-01 0.240214982E-01 0.247459139E-01
 0.258460982E-01 0.273437029E-01 0.292536568E-01 0.315807150E-01 0.343272173E-01
 0.374863900E-01 0.409987773E-01 0.448665979E-01 0.490747139E-01 0.536083422E-01
 0.584498352E-01 0.635796922E-01 0.689768695E-01 0.746194379E-01 0.804860669E-01
 0.865619022E-01 0.928521820E-01 0.990828394E-01 0.105481929E+00 0.111993650E+00
 0.118598060E+00 0.125279721E+00 0.132024448E+00 0.138818065E+00 0.145645150E+00
 0.152496150E+00 0.159495893E+00 0.166690797E+00 0.173772730E+00 0.180606077E+00
 0.187079923E+00 0.193075924E+00 0.198473255E+00 0.203159674E+00 0.207045585E+00
 0.210077292E+00 0.212245334E+00 0.213585147E+00 0.214169932E+00 0.214098249E+00
 0.234691868E-03 0.442812313E-02 0.138698524E-01 0.285289972E-01 0.400801347E-01
 0.404082603E-01 0.397099051E-01 0.389357908E-01 0.380755805E-01 0.371347037E-01
 0.361218733E-01 0.350478269E-01 0.339871761E-01 0.329546163E-01 0.319757551E-01
 0.310756265E-01 0.302804302E-01 0.296180145E-01 0.291177845E-01 0.288103058E-01
 0.287266943E-01 0.288977692E-01 0.293528224E-01 0.301175989E-01 0.312104765E-01
 0.326520356E-01 0.344608273E-01 0.366512210E-01 0.391762180E-01 0.420512645E-01
 0.452780291E-01 0.488468221E-01 0.527473914E-01 0.569659366E-01 0.614855146E-01
 0.662859310E-01 0.713438522E-01 0.766329196E-01 0.821236630E-01 0.877816120E-01
 0.935635621E-01 0.994310546E-01 0.105355297E+00 0.111316035E+00 0.117293364E+00
 0.123264901E+00 0.129209363E+00 0.135107796E+00 0.140943557E+00 0.146704830E+00
 0.152418213E+00 0.158282955E+00 0.164297071E+00 0.170138030E+00 0.175680601E+00
 0.180861937E+00 0.185622297E+00 0.189902631E+00 0.193649611E+00 0.196821662E+00
 0.199394271E+00 0.201363342E+00 0.202745850E+00 0.203577732E+00 0.203909610E+00
 0.235655837E-03 0.444632164E-02 0.139268372E-01 0.286678967E-01 0.402969357E-01
 0.406860533E-01 0.400587506E-01 0.394717325E-01 0.388244270E-01 0.381183874E-01
 0.373671095E-01 0.365889599E-01 0.358057596E-01 0.350295639E-01 0.343373048E-01
 0.337443377E-01 0.332713554E-01 0.329422982E-01 0.327831939E-01 0.328214138E-01
 0.330851457E-01 0.336030820E-01 0.344045260E-01 0.355205007E-01 0.369139970E-01
 0.386135137E-01 0.406378629E-01 0.429974150E-01 0.456930602E-01 0.487262226E-01
 0.520951822E-01 0.557938856E-01 0.598123240E-01 0.641362471E-01 0.687469391E-01
 0.736210537E-01 0.787306658E-01 0.840437267E-01 0.895224315E-01 0.951133768E-01
 0.100744166E+00 0.106392655E+00 0.112046968E+00 0.117660182E+00 0.123191803E+00
 0.128607293E+00 0.133878336E+00 0.138983869E+00 0.143909994E+00 0.148641906E+00
 0.153142999E+00 0.158320305E+00 0.163450092E+00 0.168241979E+00 0.172696815E+00
 0.176805827E+00 0.180550017E+00 0.183906715E+00 0.186854173E+00 0.189375285E+00
 0.191460511E+00 0.193109797E+00 0.194333308E+00 0.195150966E+00 0.195590976E+00
 0.236561027E-03 0.446349323E-02 0.139813159E-01 0.287977485E-01 0.404750427E-01
 0.410118839E-01 0.405056235E-01 0.399719965E-01 0.394890026E-01 0.389601821E-01
 0.384095861E-01 0.378575429E-01 0.373253929E-01 0.368366233E-01 0.364205345E-01
 0.361025540E-01 0.359069478E-01 0.358578667E-01 0.359796206E-01 0.362965613E-01
 0.368327193E-01 0.376112033E-01 0.386532340E-01 0.399764192E-01 0.415912601E-01
 0.435110529E-01 0.457480612E-01 0.483117478E-01 0.512081081E-01 0.544401704E-01
 0.580075905E-01 0.619060978E-01 0.661269504E-01 0.706562615E-01 0.754742148E-01
 0.805541074E-01 0.858620247E-01 0.913573579E-01 0.969477717E-01 0.102599707E+00
 0.108276372E+00 0.113927234E+00 0.119490386E+00 0.124905253E+00 0.130115878E+00
 0.135073151E+00 0.139736257E+00 0.144075681E+00 0.148086840E+00 0.151768738E+00
 0.156074888E+00 0.160400848E+00 0.164408407E+00 0.168100751E+00 0.171491625E+00
 0.174586478E+00 0.177384859E+00 0.179882494E+00 0.182073607E+00 0.183953155E+00
 0.185518716E+00 0.186771875E+00 0.187719013E+00 0.188371485E+00 0.188745252E+00
 0.237320237E-03 0.447789144E-02 0.140269678E-01 0.288524514E-01 0.406131787E-01
 0.412736756E-01 0.408885276E-01 0.404744982E-01 0.400576551E-01 0.396403134E-01
 0.392284765E-01 0.388372636E-01 0.384848196E-01 0.381915232E-01 0.379795473E-01
 0.378715820E-01 0.378904917E-01 0.380592086E-01 0.384006226E-01 0.389373913E-01
 0.396916525E-01 0.406846391E-01 0.419362135E-01 0.434643905E-01 0.452850888E-01
 0.474128818E-01 0.498607644E-01 0.526397337E-01 0.557584369E-01 0.592229164E-01
 0.630362296E-01 0.671978725E-01 0.717029115E-01 0.765407462E-01 0.816934074E-01
 0.871352697E-01 0.928729185E-01 0.986068436E-01 0.104524268E+00 0.110522269E+00
 0.116515977E+00 0.122414079E+00 0.128122096E+00 0.133548881E+00 0.138613784E+00
 0.143249990E+00 0.147404090E+00 0.151046531E+00 0.154231023E+00 0.157868480E+00
 0.161194048E+00 0.164227066E+00 0.166988370E+00 0.169499268E+00 0.171777952E+00
 0.173837756E+00 0.175686651E+00 0.177328041E+00 0.178762237E+00 0.179988089E+00
 0.181004505E+00 0.181811664E+00 0.182411859E+00 0.182809954E+00 0.183013491E+00
 0.237850644E-03 0.448791991E-02 0.140585534E-01 0.289983208E-01 0.407171960E-01
 0.414447809E-01 0.411292128E-01 0.407916597E-01 0.404488692E-01 0.401132333E-01
 0.397965863E-01 0.395140483E-01 0.392828264E-01 0.391217327E-01 0.390508583E-01
 0.390911787E-01 0.392642432E-01 0.395919368E-01 0.400962699E-01 0.407991640E-01
 0.417222156E-01 0.428864404E-01 0.443120160E-01 0.460180578E-01 0.480224756E-01
 0.503419304E-01 0.529917146E-01 0.559855860E-01 0.593356139E-01 0.630520723E-01
 0.671433603E-01 0.716158704E-01 0.764735350E-01 0.817152550E-01 0.873248342E-01
 0.932690069E-01 0.993989393E-01 0.105802432E+00 0.112400775E+00 0.119100778E+00
 0.125784812E+00 0.132311452E+00 0.138525468E+00 0.144272783E+00 0.149403415E+00
 0.153910868E+00 0.157765344E+00 0.160976833E+00 0.163673649E+00 0.165923320E+00
 0.167820067E+00 0.169435815E+00 0.170832079E+00 0.172057484E+00 0.173146378E+00
 0.174120207E+00 0.174990104E+00 0.175759709E+00 0.176427758E+00 0.176990266E+00
 0.177442252E+00 0.177779030E+00 0.177997091E+00 0.178094657E+00 0.178071924E+00
 0.238117833E-03 0.449296118E-02 0.140743672E-01 0.289586184E-01 0.407844286E-01
 0.415285889E-01 0.412468170E-01 0.409478904E-01 0.406476845E-01 0.403599239E-01
 0.400980415E-01 0.398778284E-01 0.397166900E-01 0.396332176E-01 0.396469918E-01
 0.397784071E-01 0.400484982E-01 0.404787754E-01 0.410910641E-01 0.419073344E-01
 0.429495080E-01 0.442392465E-01 0.457977508E-01 0.476456041E-01 0.498026748E-01
 0.522880380E-01 0.551198444E-01 0.583151239E-01 0.618896334E-01 0.658579380E-01
 0.702338986E-01 0.750315481E-01 0.802659079E-01 0.859518598E-01 0.920745078E-01
 0.985958942E-01 0.105540783E+00 0.112876603E+00 0.120541094E+00 0.128431669E+00
 0.136392216E+00 0.144207198E+00 0.151541239E+00 0.158190202E+00 0.163939379E+00
 0.168448763E+00 0.171730819E+00 0.173870240E+00 0.175080890E+00 0.175628608E+00
 0.175760209E+00 0.175665717E+00 0.175472763E+00 0.175257830E+00 0.175060908E+00
 0.174897910E+00 0.174769768E+00 0.174668685E+00 0.174582299E+00 0.174496430E+00
 0.174396857E+00 0.174270444E+00 0.174105815E+00 0.173893713E+00 0.173627133E+00
 0.238113026E-03 0.449287430E-02 0.140741224E-01 0.289685792E-01 0.407863233E-01
 0.415280921E-01 0.412455100E-01 0.409424930E-01 0.406506972E-01 0.403737790E-01
 0.401241187E-01 0.399199423E-01 0.397795432E-01 0.397218580E-01 0.397665890E-01
 0.399341744E-01 0.402457024E-01 0.407228268E-01 0.413877349E-01 0.422631121E-01
 0.433719821E-01 0.447373877E-01 0.463820454E-01 0.483281768E-01 0.505976432E-01
 0.532122944E-01 0.561940349E-01 0.595640407E-01 0.633415935E-01 0.675435350E-01
 0.721846037E-01 0.772814802E-01 0.828598365E-01 0.889509142E-01 0.956012789E-01
 0.102908252E+00 0.110829880E+00 0.119347109E+00 0.128478592E+00 0.138245969E+00
 0.148426971E+00 0.158869780E+00 0.168920001E+00 0.177691127E+00 0.184506260E+00
 0.188973802E+00 0.191016601E+00 0.190901497E+00 0.189290825E+00 0.186980915E+00
 0.184523298E+00 0.182197957E+00 0.180120308E+00 0.178321326E+00 0.176791288E+00
 0.175502214E+00 0.174419246E+00 0.173506383E+00 0.172729308E+00 0.172056719E+00
 0.171460871E+00 0.170917723E+00 0.170406856E+00 0.169911281E+00 0.169417184E+00
 0.237828484E-03 0.448752385E-02 0.140574651E-01 0.289691026E-01 0.407111036E-01
 0.414431829E-01 0.411298337E-01 0.407975519E-01 0.404641317E-01 0.401470012E-01
 0.398623116E-01 0.396265801E-01 0.394576554E-01 0.393746166E-01 0.393974004E-01
 0.395468555E-01 0.398445468E-01 0.403122052E-01 0.409721120E-01 0.418481891E-01
 0.429661380E-01 0.443521134E-01 0.460310884E-01 0.480261456E-01 0.503586819E-01
 0.530511034E-01 0.561331828E-01 0.596392559E-01 0.635909745E-01 0.680122754E-01
 0.729063003E-01 0.782626549E-01 0.841250578E-01 0.904729222E-01 0.975605045E-01
 0.105670319E+00 0.114535299E+00 0.124320173E+00 0.135098143E+00 0.147143511E+00
 0.160672851E+00 0.175961991E+00 0.193100222E+00 0.206862753E+00 0.216196747E+00
 0.220310654E+00 0.220747025E+00 0.214230807E+00 0.205497443E+00 0.198206899E+00
 0.192238921E+00 0.187361519E+00 0.183368454E+00 0.180089230E+00 0.177385690E+00
 0.175146327E+00 0.173280852E+00 0.171715710E+00 0.170390593E+00 0.169255774E+00
 0.168270106E+00 0.167399488E+00 0.166615681E+00 0.165895384E+00 0.165219487E+00
 0.237244812E-03 0.447655893E-02 0.140233829E-01 0.288457337E-01 0.405925267E-01
 0.412668350E-01 0.408793971E-01 0.404547566E-01 0.400369875E-01 0.396451891E-01
 0.392871852E-01 0.389749370E-01 0.387278615E-01 0.385701014E-01 0.385178511E-01
 0.385921394E-01 0.388229714E-01 0.392288228E-01 0.398225144E-01 0.406283734E-01
 0.416834846E-01 0.430276595E-01 0.446881290E-01 0.466880963E-01 0.490488105E-01
 0.517580906E-01 0.548228461E-01 0.583263321E-01 0.625993563E-01 0.672882882E-01
 0.723654663E-01 0.779828444E-01 0.841786941E-01 0.909099068E-01 0.984577494E-01
 0.106793411E+00 0.116028163E+00 0.126339022E+00 0.137974557E+00 0.151317769E+00
 0.166958482E+00 0.185803478E+00 0.209039610E+00 0.226861043E+00 0.238276016E+00
 0.241638602E+00 0.241950514E+00 0.228981263E+00 0.214279593E+00 0.203299532E+00
 0.194973333E+00 0.188505523E+00 0.183376961E+00 0.179244237E+00 0.175871215E+00
 0.173089002E+00 0.170772546E+00 0.168826551E+00 0.167176675E+00 0.165763842E+00
 0.164540434E+00 0.163467678E+00 0.162513781E+00 0.161652581E+00 0.160862524E+00
 0.236308008E-03 0.445902276E-02 0.139693336E-01 0.288020645E-01 0.404349115E-01
 0.410029494E-01 0.405164851E-01 0.399719584E-01 0.393771178E-01 0.387877112E-01
 0.384067376E-01 0.379679324E-01 0.374741859E-01 0.373141611E-01 0.371479732E-01
 0.369423095E-01 0.371497738E-01 0.375041856E-01 0.379586695E-01 0.385719369E-01
 0.393951060E-01 0.406385533E-01 0.422922331E-01 0.442961250E-01 0.466910293E-01
 0.494365330E-01 0.527096114E-01 0.564873213E-01 0.607738606E-01 0.656342346E-01
 0.709159413E-01 0.766583434E-01 0.829136719E-01 0.897250349E-01 0.971626585E-01
 0.105312814E+00 0.114282937E+00 0.124217709E+00 0.135316933E+00 0.147862716E+00
 0.162269706E+00 0.179216797E+00 0.200246069E+00 0.216160001E+00 0.226565288E+00
 0.229527705E+00 0.230893024E+00 0.219246724E+00 0.206591383E+00 0.197172827E+00
 0.189779123E+00 0.183842296E+00 0.179005473E+00 0.175020356E+00 0.171706258E+00
 0.168927779E+00 0.166581014E+00 0.164584586E+00 0.162873655E+00 0.161395809E+00
 0.160108188E+00 0.158975429E+00 0.157968168E+00 0.157061921E+00 0.156236232E+00
 0.234860371E-03 0.443204147E-02 0.138870319E-01 0.285886574E-01 0.402062176E-01
 0.406325841E-01 0.400369734E-01 0.393975313E-01 0.387363577E-01 0.380936170E-01
 0.375071431E-01 0.369587413E-01 0.364619737E-01 0.360629175E-01 0.357378801E-01
 0.354874707E-01 0.353730401E-01 0.353762327E-01 0.354824691E-01 0.358617487E-01
 0.364215692E-01 0.375194776E-01 0.389491584E-01 0.408209984E-01 0.432248928E-01
 0.461619190E-01 0.496562236E-01 0.536773246E-01 0.581654888E-01 0.630766252E-01
 0.683866593E-01 0.740941811E-01 0.802176460E-01 0.867889503E-01 0.938497705E-01
 0.101449458E+00 0.109643213E+00 0.118489203E+00 0.128041059E+00 0.138328293E+00
 0.149306601E+00 0.160731270E+00 0.171876242E+00 0.181410105E+00 0.188352835E+00
 0.192247528E+00 0.193005481E+00 0.190894493E+00 0.186962901E+00 0.182511905E+00
 0.178207780E+00 0.174287766E+00 0.170809760E+00 0.167761362E+00 0.165104160E+00
 0.162792248E+00 0.160780010E+00 0.159025217E+00 0.157490032E+00 0.156141109E+00
 0.154949320E+00 0.153889343E+00 0.152939242E+00 0.152080061E+00 0.151295463E+00
 0.232522204E-03 0.438862787E-02 0.137557680E-01 0.283315899E-01 0.398027870E-01
 0.400712817E-01 0.393241452E-01 0.385508030E-01 0.377790534E-01 0.370322432E-01
 0.363275202E-01 0.356756357E-01 0.350836026E-01 0.345547376E-01 0.340864330E-01
 0.336722657E-01 0.333042530E-01 0.329658195E-01 0.326693849E-01 0.327358617E-01
 0.330416670E-01 0.335062766E-01 0.342823064E-01 0.357164608E-01 0.379430382E-01
 0.410448199E-01 0.450233256E-01 0.496066555E-01 0.544992980E-01 0.596253390E-01
 0.649829119E-01 0.705908570E-01 0.764742457E-01 0.826590985E-01 0.891692999E-01
 0.960235249E-01 0.103230879E+00 0.110783858E+00 0.118646775E+00 0.126737461E+00
 0.134901329E+00 0.142883721E+00 0.150323647E+00 0.156804907E+00 0.161959992E+00
 0.165560290E+00 0.167560566E+00 0.168109690E+00 0.167519075E+00 0.166169119E+00
 0.164399823E+00 0.162457933E+00 0.160500189E+00 0.158616986E+00 0.156855256E+00
 0.155235102E+00 0.153760689E+00 0.152427072E+00 0.151224390E+00 0.150140404E+00
 0.149162020E+00 0.148276190E+00 0.147470430E+00 0.146733103E+00 0.146053558E+00
 0.228468436E-03 0.431368567E-02 0.135314236E-01 0.279552824E-01 0.391154894E-01
 0.391650935E-01 0.381988029E-01 0.372389514E-01 0.363163091E-01 0.354488864E-01
 0.346445662E-01 0.339052647E-01 0.332326407E-01 0.326292530E-01 0.320828757E-01
 0.315507274E-01 0.309974188E-01 0.305099263E-01 0.300038870E-01 0.295183452E-01
 0.295797033E-01 0.291406345E-01 0.278092874E-01 0.293433541E-01 0.311346055E-01
 0.341421223E-01 0.395939179E-01 0.452911891E-01 0.506803933E-01 0.559763254E-01
 0.612919695E-01 0.666978219E-01 0.722402599E-01 0.779491735E-01 0.838409851E-01
 0.899188802E-01 0.961709261E-01 0.102566357E+00 0.109050322E+00 0.115537909E+00
 0.121909448E+00 0.128010747E+00 0.133662845E+00 0.138683541E+00 0.142916917E+00
 0.146261690E+00 0.148689523E+00 0.150248272E+00 0.151048978E+00 0.151240176E+00
 0.150978612E+00 0.150406494E+00 0.149639860E+00 0.148766386E+00 0.147848507E+00
 0.146928446E+00 0.146033219E+00 0.145178865E+00 0.144373739E+00 0.143620944E+00
 0.142920102E+00 0.142268605E+00 0.141662497E+00 0.141097084E+00 0.140567359E+00
 0.220850762E-03 0.417354620E-02 0.131168708E-01 0.271069773E-01 0.379282313E-01
 0.376282342E-01 0.363701618E-01 0.352028979E-01 0.341506908E-01 0.332135957E-01
 0.323755406E-01 0.316062802E-01 0.308513772E-01 0.302107661E-01 0.298401707E-01
 0.294571010E-01 0.290582591E-01 0.287826964E-01 0.285924595E-01 0.284808089E-01
 0.281619139E-01 0.274534296E-01 0.262412024E-01 0.273424885E-01 0.290183489E-01
 0.319630640E-01 0.371957530E-01 0.427266593E-01 0.479042211E-01 0.529324361E-01
 0.579206562E-01 0.629343862E-01 0.680131057E-01 0.731783647E-01 0.784374889E-01
 0.837848619E-01 0.892017604E-01 0.946553748E-01 0.100097612E+00 0.105464427E+00
 0.110676631E+00 0.115643208E+00 0.120267832E+00 0.124458365E+00 0.128137871E+00
 0.131254724E+00 0.133789269E+00 0.135755322E+00 0.137196201E+00 0.138176497E+00
 0.138771941E+00 0.139059922E+00 0.139112416E+00 0.138991882E+00 0.138749709E+00
 0.138426427E+00 0.138052876E+00 0.137651755E+00 0.137239212E+00 0.136826273E+00
 0.136420063E+00 0.136024795E+00 0.135642554E+00 0.135273906E+00 0.134918365E+00
 0.205424533E-03 0.389002873E-02 0.122826322E-01 0.256132061E-01 0.356883407E-01
 0.348522493E-01 0.332899978E-01 0.320133877E-01 0.309850533E-01 0.301538992E-01
 0.294722551E-01 0.288993599E-01 0.284079353E-01 0.280258775E-01 0.277896282E-01
 0.276658186E-01 0.276422514E-01 0.276987450E-01 0.278039539E-01 0.279446173E-01
 0.280971533E-01 0.282833356E-01 0.287304188E-01 0.298443076E-01 0.317272897E-01
 0.344559695E-01 0.380332811E-01 0.421223580E-01 0.463722876E-01 0.506991058E-01
 0.550890751E-01 0.595433141E-01 0.640639257E-01 0.686493178E-01 0.732921746E-01
 0.779783220E-01 0.826859544E-01 0.873851305E-01 0.920376571E-01 0.965975958E-01
 0.101012663E+00 0.105226728E+00 0.109183431E+00 0.112830634E+00 0.116125101E+00
 0.119036608E+00 0.121550673E+00 0.123669351E+00 0.125409999E+00 0.126802329E+00
 0.127884457E+00 0.128698755E+00 0.129288172E+00 0.129693442E+00 0.129951287E+00
 0.130093505E+00 0.130146750E+00 0.130132750E+00 0.130068800E+00 0.129968355E+00
 0.129841653E+00 0.129696298E+00 0.129537779E+00 0.129369924E+00 0.129195273E+00
 0.174127876E-03 0.330648414E-02 0.105141999E-01 0.221947820E-01 0.307801126E-01
 0.294068483E-01 0.280368435E-01 0.271586212E-01 0.265659129E-01 0.261596200E-01
 0.258854342E-01 0.257130042E-01 0.256280512E-01 0.256276364E-01 0.257132431E-01
 0.258853218E-01 0.261433932E-01 0.264875939E-01 0.269215898E-01 0.274578347E-01
 0.281249962E-01 0.289778455E-01 0.300998069E-01 0.315827529E-01 0.334949494E-01
 0.358616484E-01 0.386570142E-01 0.418091277E-01 0.452290864E-01 0.488430907E-01
 0.526009250E-01 0.564697503E-01 0.604263313E-01 0.644514579E-01 0.685264185E-01
 0.726308376E-01 0.767413984E-01 0.808311994E-01 0.848696501E-01 0.888228933E-01
 0.926547658E-01 0.963282820E-01 0.998075556E-01 0.103059979E+00 0.106058400E+00
 0.108782977E+00 0.111222436E+00 0.113374519E+00 0.115245592E+00 0.116849482E+00
 0.118205810E+00 0.119338062E+00 0.120271704E+00 0.121032535E+00 0.121645398E+00
 0.122133282E+00 0.122516792E+00 0.122813917E+00 0.123040012E+00 0.123207938E+00
 0.123328283E+00 0.123409631E+00 0.123458841E+00 0.123481314E+00 0.123481243E+00
 0.121997508E-03 0.230566644E-02 0.725838254E-02 0.151162854E-01 0.191583838E-01
 0.200360327E-01 0.205389700E-01 0.209029704E-01 0.212155382E-01 0.215138042E-01
 0.218169156E-01 0.221375791E-01 0.224864430E-01 0.228736850E-01 0.233093157E-01
 0.238031909E-01 0.243654350E-01 0.250074954E-01 0.257437633E-01 0.265935284E-01
 0.275826934E-01 0.287441134E-01 0.301150621E-01 0.317312590E-01 0.336191630E-01
 0.357896143E-01 0.382352438E-01 0.409326762E-01 0.438486935E-01 0.469473822E-01
 0.501951139E-01 0.535624080E-01 0.570236114E-01 0.605556526E-01 0.641366714E-01
 0.677448767E-01 0.713577455E-01 0.749515816E-01 0.785014252E-01 0.819812950E-01
 0.853647411E-01 0.886256626E-01 0.917393202E-01 0.946834415E-01 0.974392952E-01
 0.999925989E-01 0.102334145E+00 0.104460065E+00 0.106371696E+00 0.108075101E+00
 0.109580296E+00 0.110900316E+00 0.112050221E+00 0.113046149E+00 0.113904492E+00
 0.114641233E+00 0.115271456E+00 0.115809024E+00 0.116266401E+00 0.116654589E+00
 0.116983140E+00 0.117260242E+00 0.117492825E+00 0.117686696E+00 0.117846675E+00
 0.674004789E-04 0.124749053E-02 0.371454414E-02 0.688380546E-02 0.975678993E-02
 0.119626134E-01 0.136445120E-01 0.149641352E-01 0.160440142E-01 0.169686218E-01
 0.177954443E-01 0.185647638E-01 0.193062806E-01 0.200432371E-01 0.207949475E-01
 0.215784265E-01 0.224095777E-01 0.233041868E-01 0.242787834E-01 0.253512786E-01
 0.265411626E-01 0.278689907E-01 0.293549820E-01 0.310168447E-01 0.328673222E-01
 0.349121894E-01 0.371493461E-01 0.395692820E-01 0.421566871E-01 0.448925900E-01
 0.477563286E-01 0.507269164E-01 0.537837190E-01 0.569066008E-01 0.600757689E-01
 0.632715116E-01 0.664739665E-01 0.696629955E-01 0.728182075E-01 0.759191403E-01
 0.789455953E-01 0.818781003E-01 0.846984594E-01 0.873903389E-01 0.899398266E-01
 0.923359039E-01 0.945707781E-01 0.966400364E-01 0.985426088E-01 0.100280548E+00
 0.101858654E+00 0.103283995E+00 0.104565367E+00 0.105712744E+00 0.106736769E+00
 0.107648298E+00 0.108458032E+00 0.109176232E+00 0.109812516E+00 0.110375728E+00
 0.110873877E+00 0.111314112E+00 0.111702748E+00 0.112045302E+00 0.112346561E+00
 0.915631688E+00 0.927287955E+00 0.919335405E+00 0.909934514E+00 0.906943683E+00
 0.902477187E+00 0.900257398E+00 0.898826958E+00 0.897063529E+00 0.896395827E+00
 0.896695480E+00 0.897235720E+00 0.897781410E+00 0.899465359E+00 0.901991079E+00
 0.904744694E+00 0.907988949E+00 0.911953920E+00 0.916791709E+00 0.922330209E+00
 0.928457257E+00 0.935299395E+00 0.942905609E+00 0.951454303E+00 0.960980306E+00
 0.971374381E+00 0.982685574E+00 0.995036961E+00 0.100856559E+01 0.102333189E+01
 0.103937407E+01 0.105683575E+01 0.107565500E+01 0.109615091E+01 0.111843725E+01
 0.114246901E+01 0.116871917E+01 0.119717123E+01 0.122793564E+01 0.126157905E+01
 0.129800249E+01 0.133785035E+01 0.138143446E+01 0.142876944E+01 0.148106686E+01
 0.153834960E+01 0.160126827E+01 0.167117114E+01 0.174842514E+01 0.183482851E+01
 0.193074680E+01 0.203929157E+01 0.216127930E+01 0.230027564E+01 0.245968308E+01
 0.264356578E+01 0.285581676E+01 0.310857723E+01 0.341000798E+01 0.377647255E+01
 0.422127339E+01 0.476158904E+01 0.549173776E+01 0.660410589E+01 0.789331090E+01
   74   50
 0.185100213E+00 0.000000000E+00 0.186945908E+00 0.137500000E+00 0.192276961E+00
 0.275000000E+00 0.203109748E+00 0.412500000E+00 0.211427393E+00 0.481250000E+00
 0.230568187E+00 0.618750000E+00 0.244824440E+00 0.687500000E+00 0.277500000E+00
 0.815556886E+00 0.303896926E+00 0.893750000E+00 0.334848994E+00 0.962500000E+00
 0.376819754E+00 0.103125000E+01 0.411250000E+00 0.107255250E+01 0.444687500E+00
 0.110190801E+01 0.511562500E+00 0.113893077E+01 0.578437500E+00 0.115040094E+01
 0.645312500E+00 0.114467672E+01 0.712187500E+00 0.112532820E+01 0.765855412E+00
 0.110000000E+01 0.812500000E+00 0.107788964E+01 0.879375000E+00 0.103813818E+01
 0.912812500E+00 0.101664505E+01 0.979687500E+00 0.969197811E+00 0.101312500E+01
 0.943742738E+00 0.107153757E+01 0.893750000E+00 0.111343750E+01 0.856177982E+00
 0.114687500E+01 0.821783273E+00 0.120482382E+01 0.756250000E+00 0.124718750E+01
 0.702281574E+00 0.128062500E+01 0.653936621E+00 0.131406250E+01 0.600066397E+00
 0.134750000E+01 0.540549744E+00 0.138093750E+01 0.474921339E+00 0.141437500E+01
 0.401738779E+00 0.144781250E+01 0.317430525E+00 0.148125000E+01 0.212995178E+00
 0.149853964E+01 0.137500000E+00 0.151136432E+01 0.000000000E+00 0.149968915E+01
-0.137500000E+00 0.148125000E+01-0.219765088E+00 0.144781250E+01-0.326236221E+00
 0.141437500E+01-0.412011075E+00 0.138349949E+01-0.481250000E+00 0.134918225E+01
-0.550000000E+00 0.131406250E+01-0.613156618E+00 0.128062500E+01-0.667856299E+00
 0.124718750E+01-0.717265720E+00 0.121375000E+01-0.761433621E+00 0.115930799E+01
-0.825000000E+00 0.111343750E+01-0.873479092E+00 0.108000000E+01-0.905106435E+00
 0.101312500E+01-0.961903912E+00 0.979687500E+00-0.989516896E+00 0.921124112E+00
-0.103125000E+01 0.879375000E+00-0.106125431E+01 0.814588854E+00-0.110000000E+01
 0.779062500E+00-0.112119973E+01 0.712187500E+00-0.115220064E+01 0.660049029E+00
-0.116875000E+01 0.611875000E+00-0.118077623E+01 0.545000000E+00-0.117815885E+01
 0.511562500E+00-0.116685972E+01 0.444687500E+00-0.112948999E+01 0.411250000E+00
-0.109647079E+01 0.360937740E+00-0.103125000E+01 0.323760528E+00-0.962500000E+00
 0.295156841E+00-0.893750000E+00 0.272461056E+00-0.825000000E+00 0.244062500E+00
-0.709594005E+00 0.226666186E+00-0.618750000E+00 0.210625000E+00-0.500026522E+00
 0.200952540E+00-0.412500000E+00 0.191173019E+00-0.275000000E+00 0.186462660E+00
-0.137500000E+00 0.185100213E+00 0.000000000E+00
 0.185100000E+00 0.000000000E+00 0.185100000E+00 0.100810000E+01 0.279400000E+00
 0.117140000E+01 0.279400000E+00 0.157800000E+01 0.297900000E+00 0.160340000E+01
 0.571200000E+00 0.160340000E+01 0.571200000E+00 0.167960000E+01 0.391700000E+00
 0.167960000E+01 0.391700000E+00 0.194730000E+01 0.521000000E+00 0.194730000E+01
 0.521000000E+00 0.184410000E+01 0.600000000E+00 0.184410000E+01 0.600000000E+00
 0.171060000E+01 0.617000000E+00 0.171060000E+01 0.617000000E+00 0.162800000E+01
 0.119400000E+01 0.140100000E+01 0.104330000E+01 0.143000000E+01 0.131920000E+01
 0.103970000E+01 0.133580000E+01 0.997600000E+00 0.148510000E+01 0.545000000E+00
 0.148900000E+01 0.490000000E+00 0.156380000E+01 0.114100000E+00 0.157000000E+01
 0.763600000E-01 0.157370000E+01 0.382610000E-01 0.157500000E+01 0.000000000E+00
 0.157370000E+01-0.382610000E-01 0.157000000E+01-0.763600000E-01 0.156380000E+01
-0.114100000E+00 0.148900000E+01-0.490000000E+00 0.148510000E+01-0.545000000E+00
 0.133580000E+01-0.997600000E+00 0.131920000E+01-0.103970000E+01 0.104330000E+01
-0.143000000E+01 0.119400000E+01-0.140100000E+01 0.617000000E+00-0.162800000E+01
 0.617000000E+00-0.171060000E+01 0.600000000E+00-0.171060000E+01 0.600000000E+00
-0.184410000E+01 0.521000000E+00-0.184410000E+01 0.521000000E+00-0.194730000E+01
 0.391700000E+00-0.194730000E+01 0.391700000E+00-0.167960000E+01 0.571200000E+00
-0.167960000E+01 0.571200000E+00-0.160340000E+01 0.297900000E+00-0.160340000E+01
 0.279400000E+00-0.157800000E+01 0.279400000E+00-0.117140000E+01 0.185100000E+00
-0.100810000E+01 0.185100000E+00 0.000000000E+00 0.185100000E+00 0.000000000E+00
    0 0.170000000E+01    0
 $OUT1
 ISHOT   =      104362,
 ITIME   =         213,
 BETAP0  =  0.500000000000000     ,
 RZERO   =  0.850000000000000     ,
 QENP    =  0.950000000000000     ,
 ENP     =   1.00000000000000     ,
 EMP     =   1.00000000000000     ,
 PLASMA  =   994181.145866877     ,
 EXPMP2  =  0.418052172735636     ,  0.405835182349292     ,  0.377767621058915     ,  0.336492989670150     ,
   0.278291353338243     ,  0.221064855166016     ,  0.417514753253708     ,  0.403060994802882     ,  0.372704565438524     ,
   0.325864124234623     ,  0.269185014781904     ,  0.210964468290238     , -3.335259015027648E-002,  0.162191704298176     ,
   3.247423955241749E-002,  0.153171747486348     , -0.188698650336682     , -0.171435180124736     , -0.153971671815005     ,
  -0.190817047133280     , -0.174381509981683     , -0.158226849183710     , -0.151256540056144     , -0.159605455109067     ,
  -0.165801509224950     , -0.150800108062450     , -0.159759217245197     , -0.166087692209788     ,
 COILS   = -2.743719584790378E-002, -3.427418841497445E-002, -7.025011669861367E-002, -0.144964480648611     ,
  -0.156061245102881     , -0.165472711514930     , -0.125170866048162     , -2.808307258803170E-002, -3.488955991780890E-002,
  -6.543657719417904E-002, -0.148145214989387     , -0.158214700080995     , -0.167383471760356     , -0.125391530712368     ,
  -0.148787656395963     , -0.151441583509059     , -0.149539180819961     , -0.153585004704784     , -3.490972655079193E-002,
  -4.721913832805222E-002, -6.734581029874993E-002, -5.062168717407754E-002, -3.627647079587781E-002, -7.141911070725888E-002,
  -3.747557906380150E-002, -3.836453453107973E-002, -3.958091981236481E-002, -4.066849811995439E-002, -3.717869681444047E-002,
  -3.752610118306303E-002, -3.847664147650789E-002, -3.970272388666481E-002, -4.076677755569452E-002, -4.056602787078759E-002,
  -4.114060871558343E-002, -4.099018338859954E-002, -4.009781950135465E-002, -4.072049453464605E-002, -4.126888407643652E-002,
  -4.111831391902568E-002, -4.020484520587341E-002, -3.515996388026810E-002, -3.659186747627081E-002, -3.861443836220285E-002,
  -0.219674991399055     , -0.225409874248827     , -0.201236208549631     , -0.202769745353518     , -0.336971026619985     ,
  -0.337885070835645     , -8.849652373068354E-002, -8.919391718543189E-002, -9.008191503799362E-002, -9.237238801937014E-002,
  -8.973538170802922E-002, -9.049977603675341E-002, -9.136066988099971E-002, -9.352924053303782E-002, -9.539408294290130E-002,
  -9.456296361160610E-002, -9.361238096888091E-002, -9.168139088242977E-002, -9.728646601338460E-002, -9.650499113466050E-002,
  -9.558862477706620E-002, -9.366559511964739E-002,
 BTOR    = -0.285835000000000     ,
 RCENTR  =  0.860000000000000     ,
 BRSP    = -6.782633937914319E-002,   1952.80340197774     ,  -6856.87818667500     ,  3.701863796264972E-008,
   -8891.72605819049     ,  -8892.19966952075     ,  9.782610965251222E-008,  -6621.00509218180     ,   2053.46884781125     ,
  -0.394519947720458     ,  0.123166951022380     ,   2301.20814111235     ,   2275.91724770268     ,   3594.96675432781     ,
    1079.59340100188     ,   6226.22302107988     ,   13448.6428225250     ,   5846.98403492646     ,   3357.12734481298     ,
    7120.67340962320     ,   8158.64549716785     ,   6767.87511764490     ,   7754.22293729015     ,   1104.90440225637     ,
    5326.37998712036     ,   14128.0475497477     ,   6236.14087936038     ,   1074.13547559386     ,   3552.06253703206     ,
    2321.72404259630     ,   2347.21443415740     ,   609.531212943859     ,  -157.613907654564     ,  -678.141619450665     ,
   -391.941526222888     ,  -648.239635691822     ,  -2292.08476888735     ,  -2622.03420305837     ,  -2065.63226650304     ,
   -722.136529166455     ,  -838.060663262727     , -0.857200302506414     ,   2504.42474265700     ,   1629.97886938090     ,
   -2349.18826448951     ,   181.391949463136     ,   661.952201955519     ,  -13.0466395811998     ,  7.938649633747806E-002,
  -0.338457719750439     ,  1.150392663221889E-002, -0.253326493205509     ,  0.379552151617317     ,  0.150053397659075     ,
  -0.740353580919593     ,   1.51672092064036     , -0.498971494420332     ,  0.466485805598320     , -0.574029311201921     ,
   0.206029618770548     ,  1.982280858618098E-002,  0.246436050700151     ,  3.351463139762138E-002, -0.243637693453595     ,
  -0.121927918485560     ,  0.272391668792549     ,  0.497362696457056     ,  0.420035245070937     , -2.488522692785591E-002,
   0.279949497490837     ,  0.237383726818914     , -0.142276805135042     , -0.153004310566207     ,  0.110598045865819     ,
  -0.591369289055759     ,  0.252049074403478     ,  0.230141222267032     ,  0.991971106329267     , -0.811320659012003     ,
   0.786808043345347     ,  -1.15687296422151     ,  0.226519553162295     , -0.263529256278260     ,  0.246364298021023     ,
   0.370229409809142     ,  9.967927670690660E-002,  0.328701159770157     , -0.362775193277966     ,   1.17652106507953     ,
   0.443755967033738     , -0.127358996749060     ,  0.386488654843964     ,  0.762549436456772     ,  0.911436307533751     ,
   0.658745307100338     ,  0.305901555744942     ,  0.416242836806801     ,  0.438511863239783     ,   1.02728426748614     ,
  -0.147202887002511     , 237*0.000000000000000E+000  ,
 ICURRT  =           2,
 RBDRY   =  0.185100213360786     ,  0.186945907575863     ,  0.192276960996233     ,  0.203109748069461     ,
   0.211427392576393     ,  0.230568187423765     ,  0.244824440269677     ,  0.277500000000000     ,  0.303896925729017     ,
   0.334848994300711     ,  0.376819754231307     ,  0.411250000000000     ,  0.444687500000000     ,  0.511562500000000     ,
   0.578437500000000     ,  0.645312500000000     ,  0.712187500000000     ,  0.765855412225104     ,  0.812500000000000     ,
   0.879375000000000     ,  0.912812500000000     ,  0.979687500000000     ,   1.01312500000000     ,   1.07153756769672     ,
    1.11343750000000     ,   1.14687500000000     ,   1.20482382377374     ,   1.24718750000000     ,   1.28062500000000     ,
    1.31406250000000     ,   1.34750000000000     ,   1.38093750000000     ,   1.41437500000000     ,   1.44781250000000     ,
    1.48125000000000     ,   1.49853963889164     ,   1.51136431832808     ,   1.49968914909410     ,   1.48125000000000     ,
    1.44781250000000     ,   1.41437500000000     ,   1.38349949363589     ,   1.34918224646430     ,   1.31406250000000     ,
    1.28062500000000     ,   1.24718750000000     ,   1.21375000000000     ,   1.15930799483670     ,   1.11343750000000     ,
    1.08000000000000     ,   1.01312500000000     ,  0.979687500000000     ,  0.921124111794304     ,  0.879375000000000     ,
   0.814588854482157     ,  0.779062500000000     ,  0.712187500000000     ,  0.660049028632783     ,  0.611875000000000     ,
   0.545000000000000     ,  0.511562500000000     ,  0.444687500000000     ,  0.411250000000000     ,  0.360937740194602     ,
   0.323760528343874     ,  0.295156840994482     ,  0.272461055558727     ,  0.244062500000000     ,  0.226666186107863     ,
   0.210625000000000     ,  0.200952539536260     ,  0.191173019281091     ,  0.186462660189344     ,  0.185100213360786     ,
  126*0.000000000000000E+000  ,
 ZBDRY   =  0.000000000000000E+000,  0.137500000000000     ,  0.275000000000000     ,  0.412500000000000     ,
   0.481250000000000     ,  0.618750000000000     ,  0.687500000000000     ,  0.815556885842846     ,  0.893750000000000     ,
   0.962500000000000     ,   1.03125000000000     ,   1.07255249690754     ,   1.10190800589292     ,   1.13893077139418     ,
    1.15040094145918     ,   1.14467672119458     ,   1.12532820310013     ,   1.10000000000000     ,   1.07788963913525     ,
    1.03813817793641     ,   1.01664505069146     ,  0.969197810966506     ,  0.943742738397632     ,  0.893750000000000     ,
   0.856177981898705     ,  0.821783272705643     ,  0.756250000000000     ,  0.702281573701783     ,  0.653936620766669     ,
   0.600066397414028     ,  0.540549744424606     ,  0.474921338927578     ,  0.401738778995422     ,  0.317430524864916     ,
   0.212995177832243     ,  0.137500000000000     ,  0.000000000000000E+000, -0.137500000000000     , -0.219765087501117     ,
  -0.326236220854458     , -0.412011074824425     , -0.481250000000000     , -0.550000000000000     , -0.613156618462116     ,
  -0.667856299273051     , -0.717265720443383     , -0.761433620807121     , -0.825000000000000     , -0.873479092220789     ,
  -0.905106435493354     , -0.961903912056617     , -0.989516896186678     ,  -1.03125000000000     ,  -1.06125430686300     ,
   -1.10000000000000     ,  -1.12119972933513     ,  -1.15220064310431     ,  -1.16875000000000     ,  -1.18077623276595     ,
   -1.17815885336562     ,  -1.16685971924093     ,  -1.12948998726583     ,  -1.09647079436370     ,  -1.03125000000000     ,
  -0.962500000000000     , -0.893750000000000     , -0.825000000000000     , -0.709594004793913     , -0.618750000000000     ,
  -0.500026522496100     , -0.412500000000000     , -0.275000000000000     , -0.137500000000000     ,
  127*0.000000000000000E+000  ,
 NBDRY   =          74,
 FWTSI   =  0.000000000000000E+000,   988.601122590187     , 2*0.000000000000000E+000  ,   215.397155144227     ,
    207.414525873935     ,   261.954849168808     ,  0.000000000000000E+000,   950.991190158361     ,   513.109018233496     ,
    229.683982608724     ,   211.833977187879     ,   205.797206889027     ,   264.457840732672     ,   227.660071222361     ,
    222.237712190762     ,   226.637974571052     ,   218.621975927368     ,   945.865165609673     ,   709.699429240344     ,
    492.668461203654     ,   657.222220368856     ,  0.000000000000000E+000,   471.252804426028     ,  0.000000000000000E+000,
    871.062342537244     ,  0.000000000000000E+000,   813.620808378861     ,   899.850019567644     ,  0.000000000000000E+000,
    865.239017788074     ,  0.000000000000000E+000,   813.188243343658     ,  0.000000000000000E+000,   808.890985448042     ,
   0.000000000000000E+000,   835.388637910714     ,  0.000000000000000E+000,   808.355631358620     ,  0.000000000000000E+000,
    836.967630919665     , 9*0.000000000000000E+000  ,   370.414665790821     ,   371.108357687496     ,  0.000000000000000E+000,
    357.680075626645     ,   365.099478687817     ,   365.253640079243     ,   362.625637635482     ,   352.505825182555     ,
    349.693021980654     ,   352.345750785436     ,   355.664406694646     ,   364.237808867930     ,   342.126317017225     ,
    344.535490325058     ,   347.559639274732     ,  0.000000000000000E+000,
 FWTCUR  =  8.917741866170004E-005,
 MXITER  =          15,
 NXITER  =           1,
 LIMITR  =          49,
 XLIM    = 2*0.185100000000000       , 2*0.279400000000000       ,  0.297900000000000     , 2*0.571200000000000       ,
  2*0.391700000000000       , 2*0.521000000000000       , 2*0.600000000000000       , 2*0.617000000000000       ,
    1.19400000000000     ,   1.04330000000000     ,   1.31920000000000     ,   1.33580000000000     ,   1.48510000000000     ,
    1.48900000000000     ,   1.56380000000000     ,   1.57000000000000     ,   1.57370000000000     ,   1.57500000000000     ,
    1.57370000000000     ,   1.57000000000000     ,   1.56380000000000     ,   1.48900000000000     ,   1.48510000000000     ,
    1.33580000000000     ,   1.31920000000000     ,   1.04330000000000     ,   1.19400000000000     ,
  2*0.617000000000000       , 2*0.600000000000000       , 2*0.521000000000000       , 2*0.391700000000000       ,
  2*0.571200000000000       ,  0.297900000000000     , 2*0.279400000000000       , 3*0.185100000000000       ,
  110*0.000000000000000E+000  ,
 YLIM    =  0.000000000000000E+000,   1.00810000000000     ,   1.17140000000000     ,   1.57800000000000     ,
  2*1.60340000000000        , 2*1.67960000000000        , 2*1.94730000000000        , 2*1.84410000000000        ,
  2*1.71060000000000        ,   1.62800000000000     ,   1.40100000000000     ,   1.43000000000000     ,   1.03970000000000     ,
   0.997600000000000     ,  0.545000000000000     ,  0.490000000000000     ,  0.114100000000000     ,  7.636000000000000E-002,
   3.826100000000000E-002,  0.000000000000000E+000, -3.826100000000000E-002, -7.636000000000000E-002, -0.114100000000000     ,
  -0.490000000000000     , -0.545000000000000     , -0.997600000000000     ,  -1.03970000000000     ,  -1.43000000000000     ,
   -1.40100000000000     ,  -1.62800000000000     , 2*-1.71060000000000       , 2*-1.84410000000000       ,
  2*-1.94730000000000       , 2*-1.67960000000000       , 2*-1.60340000000000       ,  -1.57800000000000     ,
   -1.17140000000000     ,  -1.00810000000000     , 112*0.000000000000000E+000  ,
 ERROR   =  1.000000000000000E-004,
 ICONVR  =           2,
 IBUNMN  =           3,
 PRESSR  =   478.912413002495     , 131*1.00000000000000        ,
 RPRESS  = -0.900000000000000     , 131*1.00000000000000        ,
 QPSI    =  0.915631687766575     ,  0.927287955375317     ,  0.919335404580062     ,  0.909934513803366     ,
   0.906943683244748     ,  0.902477187445360     ,  0.900257398319138     ,  0.898826957708959     ,  0.897063528594009     ,
   0.896395826806790     ,  0.896695480044778     ,  0.897235720171878     ,  0.897781409645074     ,  0.899465358784299     ,
   0.901991079237686     ,  0.904744694470142     ,  0.907988948802035     ,  0.911953920008498     ,  0.916791709234042     ,
   0.922330208755218     ,  0.928457257121100     ,  0.935299394654605     ,  0.942905608725173     ,  0.951454303193575     ,
   0.960980306294546     ,  0.971374380663352     ,  0.982685574093435     ,  0.995036961068663     ,   1.00856559066474     ,
    1.02333188880915     ,   1.03937406661875     ,   1.05683574557545     ,   1.07565500234455     ,   1.09615091485491     ,
    1.11843724806713     ,   1.14246900624714     ,   1.16871916664793     ,   1.19717122603128     ,   1.22793564452037     ,
    1.26157904850479     ,   1.29800249460488     ,   1.33785035274711     ,   1.38143446029282     ,   1.42876944350964     ,
    1.48106686347127     ,   1.53834960325425     ,   1.60126827275456     ,   1.67117114087172     ,   1.74842513833487     ,
    1.83482850903539     ,   1.93074679834728     ,   2.03929156511462     ,   2.16127929803894     ,   2.30027563840973     ,
    2.45968308294351     ,   2.64356578029912     ,   2.85581675852933     ,   3.10857723175534     ,   3.41000797718852     ,
    3.77647254643658     ,   4.22127338646777     ,   4.76158904476794     ,   5.49173775935349     ,   6.60410589182968     ,
    7.89331090182456     ,
 PRESSW  = 65*0.000000000000000E+000  ,
 PRES    =   17527.1909184321     ,   17515.0880523618     ,   17478.0539413848     ,   17416.8925350627     ,
    17332.4077829570     ,   17225.4036346294     ,   17096.6840396416     ,   16947.0529475551     ,   16777.3143079316     ,
    16588.2720703327     ,   16380.7301843201     ,   16155.4925994552     ,   15913.3632652999     ,   15655.1461314156     ,
    15381.6451473641     ,   15093.6642627068     ,   14792.0074270056     ,   14477.4785898219     ,   14150.8817007174     ,
    13813.0207092537     ,   13464.6995649925     ,   13106.7222174954     ,   12739.8926163239     ,   12365.0147110398     ,
    11982.8924512045     ,   11594.3297863799     ,   11200.1306661274     ,   10801.0990400088     ,   10398.0388575855     ,
    9991.75406841934     ,   9583.04862207183     ,   9172.72646810461     ,   8761.59155607930     ,   8350.44783555753     ,
    7940.09925610092     ,   7531.34976727110     ,   7125.00331862969     ,   6721.86385973830     ,   6322.73534015856     ,
    5928.42170945210     ,   5539.72691718053     ,   5157.45491290548     ,   4782.40964618857     ,   4415.39506659142     ,
    4057.21512367567     ,   3708.67376700291     ,   3370.57494613479     ,   3043.72261063293     ,   2728.92071005894     ,
    2426.97319397444     ,   2138.68401194107     ,   1864.85711352044     ,   1606.29644827418     ,   1363.80596576390     ,
    1138.18961555124     ,   930.251347197808     ,   740.795110265231     ,   570.624854315133     ,   420.544528909135     ,
    291.358083608860     ,   183.869467975931     ,   98.8826315719693     ,   37.2015239585979     , -0.369905302560596     ,
   -13.0277066498838     ,
 NQPSI   =          65
 $END
 $BASIS
 KPPFNC  =           0,
 KPPKNT  =           3,
 PPKNT   =  0.000000000000000E+000,  0.300000000000000     ,   1.00000000000000     , 17*0.000000000000000E+000  ,
 PPTENS  =   5.00000000000000     ,
 KFFFNC  =           0,
 KFFKNT  =           3,
 FFKNT   =  0.000000000000000E+000,  0.300000000000000     ,   1.00000000000000     , 17*0.000000000000000E+000  ,
 FFTENS  =   5.00000000000000     ,
 KWWFNC  =           0,
 KWWKNT  =           0,
 WWKNT   = 20*0.000000000000000E+000  ,
 WWTENS  =  0.000000000000000E+000,
 PPBDRY  =  -372.885773052917     ,   709047.732474954     , 18*0.000000000000000E+000  ,
 PP2BDRY = 20*0.000000000000000E+000  ,
 KPPBDRY = 20*0,
 KPP2BDRY        = 20*0,
 FFBDRY  =  0.891015658955126     ,  9.915654148414735E-002, -7.131847155790468E-003, -1.850153605404892E-004,
  16*0.000000000000000E+000  ,
 FF2BDRY = 20*0.000000000000000E+000  ,
 KFFBDRY = 20*0,
 KFF2BDRY        = 20*0,
 WWBDRY  =  -5675.34364109964     ,  -147.230545889740     , 18*0.000000000000000E+000  ,
 WW2BDRY = 20*0.000000000000000E+000  ,
 KWWBDRY = 20*0,
 KWW2BDRY        = 20*0
 $END
 $CHIOUT
 SAISIL  =  0.000000000000000E+000,  0.302684618695845     , 2*0.000000000000000E+000  ,  7.941963227820853E-002,
   0.976362697374225     ,  0.296173228648374     ,  0.000000000000000E+000,  2.361423009582583E-002,  5.893462544142235E-002,
   0.480595077023717     ,  3.309337080952349E-002,   1.24036696903130     ,  2.977691045174739E-002,  0.291249233829951     ,
   0.104133816083330     ,  0.311278884833750     ,  5.940132385270741E-002,  9.824403679868264E-002,  3.170614254826404E-002,
   2.377042550928882E-002,  4.049501037763575E-003,  0.000000000000000E+000,  0.104408393689481     ,  0.000000000000000E+000,
   7.151744198581368E-003,  0.000000000000000E+000,  5.982770093166528E-002,  1.486393109382442E-002,  0.000000000000000E+000,
   1.750740780952486E-003,  0.000000000000000E+000,  3.322202701532916E-002,  0.000000000000000E+000,  3.032243150425083E-003,
   0.000000000000000E+000,  2.687287542712859E-002,  0.000000000000000E+000,  7.076403204580098E-004,  0.000000000000000E+000,
   0.100375362359928     , 9*0.000000000000000E+000  ,  0.305723923530803     ,  5.416102380391024E-002,  0.000000000000000E+000,
   8.618369762544599E-002,  0.326032151706529     ,  7.726215605516544E-002,  4.145791289346202E-002,  0.132300400793436     ,
   6.406877276535075E-004,  2.095233989277235E-004,  1.500895823155741E-003,  3.659717092694765E-003,  2.408161346162749E-003,
   7.045737915489420E-003,  1.222912782866384E-002,  0.000000000000000E+000,
 SAIMPI  = 2*0.000000000000000E+000  ,  0.298707196432187     ,  0.000000000000000E+000,  0.165363229445424     ,
   0.938890589197336     , 4*0.000000000000000E+000  ,  6.847453903210311E-002, 2*0.000000000000000E+000  ,  0.222368513453317     ,
   0.000000000000000E+000,  0.343266169727799     ,  0.000000000000000E+000,  3.497296845600169E-002,
  3*0.000000000000000E+000  ,  2.806303941614569E-002,  1.989065738953619E-002,  9.235114863423539E-002,  3.438114188443448E-002,
   0.000000000000000E+000,  6.079921785907074E-003,  7.358629647377228E-003,
 SAIPR   =  0.000000000000000E+000,
 SAIIP   =  0.000000000000000E+000
 $END
                                            KIN
